7
6.99998
6.99995
6.9999
6.99983
6.99975
6.99965
6.99953
6.9994
6.99925
6.99908
6.99889
6.99869
6.99847
6.99824
6.99799
6.99772
6.99743
6.99713
6.99681
6.99648
6.99613
6.99576
6.99537
6.99497
6.99455
6.99411
6.99366
6.99319
6.9927
6.9922
6.99168
6.99114
6.99059
6.99002
6.98943
6.98883
6.9882
6.98757
6.98691
6.98624
6.98555
6.98484
6.98412
6.98338
6.98262
6.98185
6.98105
6.98024
6.97942
6.97857
6.97771
6.97683
6.97594
6.97502
6.97409
6.97314
6.97218
6.97119
6.97019
6.96917
6.96813
6.96707
6.966
6.96491
6.9638
6.96267
6.96152
6.96035
6.95916
6.95796
6.95673
6.95549
6.95423
6.95294
6.95164
6.95032
6.94898
6.94761
6.94623
6.94483
6.9434
6.94196
6.94049
6.939
6.93749
6.93596
6.9344
6.93283
6.93123
6.9296
6.92796
6.92629
6.92459
6.92288
6.92113
6.91937
6.91757
6.91575
6.91391
6.91204
6.91014
6.90821
6.90626
6.90428
6.90227
6.90023
6.89816
6.89606
6.89393
6.89177
6.88958
6.88735
6.88509
6.8828
6.88047
6.87811
6.87572
6.87329
6.87082
6.86831
6.86576
6.86318
6.86056
6.85789
6.85518
6.85244
6.84964
6.84681
6.84393
6.841
6.83802
6.835
6.83193
6.82881
6.82563
6.82241
6.81913
6.8158
6.81241
6.80896
6.80546
6.80189
6.79826
6.79458
6.79082
6.78701
6.78312
6.77917
6.77514
6.77105
6.76688
6.76264
6.75832
6.75392
6.74944
6.74488
6.74024
6.7355
6.73068
6.72577
6.72077
6.71567
6.71048
6.70519
6.69979
6.69429
6.68869
6.68297
6.67714
6.6712
6.66514
6.65897
6.65266
6.64624
6.63968
6.63299
6.62617
6.61921
6.6121
6.60485
6.59746
6.58991
6.5822
6.57433
6.5663
6.5581
6.54973
6.54119
6.53246
6.52355
6.51445
6.50516
6.49567
6.48597
6.47607
6.46595
6.45562
6.44506
6.43427
6.42325
6.41199
6.40048
6.38872
6.37671
6.36443
6.35187
6.33905
6.32594
6.31254
6.29884
6.28484
6.27053
6.2559
6.24094
6.22566
6.21003
6.19405
6.17771
6.16101
6.14394
6.12648
6.10864
6.09039
6.07174
6.05266
6.03316
6.01323
5.99285
5.97201
5.9507
5.92892
5.90665
5.88389
5.86061
5.83682
5.8125
5.78764
5.76223
5.73625
5.70971
5.68257
5.65484
5.6265
5.59753
5.56794
5.53769
5.5068
5.47523
5.44298
5.41003
5.37638
5.34201
5.30691
5.27106
5.23446
5.19709
5.15893
5.11999
5.08024
5.03967
4.99827
4.95603
4.91294
4.86898
4.82415
4.77843
4.73181
4.68429
4.63585
4.58648
4.53617
4.48491
4.4327
4.37953
4.32538
4.27026
4.21415
4.15705
4.09895
4.03985
3.97974
3.91863
3.8565
3.79336
3.7292
3.66403
3.59784
3.53064
3.46243
3.39321
3.32298
3.25176
3.17954
3.10634
3.03216
2.95702
2.88091
2.80387
2.72589
2.64699
2.5672
2.48651
2.40496
2.32256
2.23932
2.15528
2.07045
1.98486
1.89853
1.81149
1.72376
1.63537
1.54635
1.45673
1.36655
1.27582
1.18459
1.09289
1.00075
0.908204
0.815294
0.722053
0.628517
0.534725
0.440713
0.34652
0.252185
0.157745
0.0632408
-0.0312898
-0.125807
-0.220273
-0.314648
-0.408893
-0.502971
-0.596841
-0.690468
-0.783813
-0.876839
-0.96951
-1.06179
-1.15365
-1.24504
-1.33594
-1.42631
-1.51613
-1.60535
-1.69396
-1.78191
-1.86919
-1.95576
-2.04161
-2.1267
-2.21101
-2.29451
-2.3772
-2.45904
-2.54002
-2.62012
-2.69932
-2.77761
-2.85498
-2.9314
-3.00687
-3.08137
-3.15491
-3.22746
-3.29902
-3.36958
-3.43914
-3.5077
-3.57524
-3.64177
-3.70729
-3.77179
-3.83527
-3.89774
-3.9592
-4.01965
-4.07908
-4.13752
-4.19496
-4.2514
-4.30686
-4.36133
-4.41484
-4.46737
-4.51895
-4.56958
-4.61926
-4.66802
-4.71585
-4.76278
-4.8088
-4.85393
-4.89818
-4.94156
-4.98409
-5.02577
-5.06662
-5.10664
-5.14586
-5.18428
-5.22191
-5.25877
-5.29487
-5.33023
-5.36484
-5.39874
-5.43192
-5.4644
-5.4962
-5.52732
-5.55779
-5.5876
-5.61678
-5.64533
-5.67326
-5.7006
-5.72735
-5.75351
-5.77911
-5.80416
-5.82866
-5.85263
-5.87608
-5.89901
-5.92145
-5.94339
-5.96486
-5.98585
-6.00639
-6.02648
-6.04612
-6.06534
-6.08413
-6.10252
-6.1205
-6.13808
-6.15528
-6.17211
-6.18857
-6.20466
-6.22041
-6.23581
-6.25088
-6.26562
-6.28004
-6.29414
-6.30794
-6.32144
-6.33465
-6.34757
-6.36021
-6.37258
-6.38469
-6.39654
-6.40813
-6.41947
-6.43057
-6.44144
-6.45207
-6.46248
-6.47267
-6.48265
-6.49241
-6.50197
-6.51133
-6.5205
-6.52947
-6.53826
-6.54687
-6.55529
-6.56355
-6.57164
-6.57956
-6.58732
-6.59492
-6.60237
-6.60967
-6.61682
-6.62383
-6.6307
-6.63744
-6.64404
-6.65051
-6.65685
-6.66307
-6.66917
-6.67515
-6.68101
-6.68677
-6.69241
-6.69794
-6.70337
-6.7087
-6.71393
-6.71906
-6.72409
-6.72903
-6.73388
-6.73865
-6.74332
-6.74791
-6.75242
-6.75684
-6.76119
-6.76546
-6.76965
-6.77377
-6.77782
-6.78179
-6.7857
-6.78954
-6.79331
-6.79702
-6.80067
-6.80426
-6.80778
-6.81125
-6.81466
-6.81801
-6.82131
-6.82455
-6.82774
-6.83088
-6.83397
-6.83701
-6.84
-6.84294
-6.84584
-6.84869
-6.8515
-6.85426
-6.85698
-6.85966
-6.8623
-6.86489
-6.86745
-6.86997
-6.87245
-6.8749
-6.87731
-6.87968
-6.88202
-6.88432
-6.88659
-6.88883
-6.89103
-6.8932
-6.89534
-6.89745
-6.89953
-6.90158
-6.9036
-6.90559
-6.90756
-6.90949
-6.9114
-6.91328
-6.91513
-6.91696
-6.91876
-6.92054
-6.92229
-6.92402
-6.92572
-6.9274
-6.92905
-6.93068
-6.93229
-6.93387
-6.93544
-6.93698
-6.93849
-6.93999
-6.94146
-6.94292
-6.94435
-6.94576
-6.94715
-6.94852
-6.94987
-6.9512
-6.95251
-6.9538
-6.95507
-6.95632
-6.95755
-6.95876
-6.95995
-6.96112
-6.96228
-6.96342
-6.96453
-6.96563
-6.96671
-6.96778
-6.96882
-6.96985
-6.97086
-6.97185
-6.97282
-6.97377
-6.97471
-6.97563
-6.97653
-6.97742
-6.97828
-6.97913
-6.97997
-6.98078
-6.98158
-6.98236
-6.98312
-6.98387
-6.9846
-6.98531
-6.98601
-6.98669
-6.98735
-6.98799
-6.98862
-6.98923
-6.98982
-6.9904
-6.99096
-6.9915
-6.99203
-6.99254
-6.99303
-6.9935
-6.99396
-6.9944
-6.99483
-6.99524
-6.99563
-6.996
-6.99636
-6.9967
-6.99703
-6.99733
-6.99762
-6.9979
-6.99816
-6.9984
-6.99862
-6.99883
-6.99902
-6.99919
-6.99935
-6.99949
-6.99961
-6.99972
-6.99981
-6.99988
-6.99993
-6.99997
-7
-7
-6.99999
-6.99996
-6.99992
-6.99986
-6.99978
-6.99968
-6.99957
-6.99944
-6.9993
-6.99914
-6.99896
-6.99876
-6.99855
-6.99832
-6.99807
-6.99781
-6.99753
-6.99724
-6.99692
-6.99659
-6.99625
-6.99588
-6.9955
-6.99511
-6.99469
-6.99426
-6.99382
-6.99335
-6.99287
-6.99237
-6.99186
-6.99133
-6.99078
-6.99021
-6.98963
-6.98903
-6.98842
-6.98778
-6.98713
-6.98647
-6.98578
-6.98508
-6.98437
-6.98363
-6.98288
-6.98211
-6.98132
-6.98052
-6.9797
-6.97886
-6.97801
-6.97713
-6.97624
-6.97533
-6.97441
-6.97347
-6.97251
-6.97153
-6.97053
-6.96952
-6.96848
-6.96743
-6.96637
-6.96528
-6.96417
-6.96305
-6.96191
-6.96075
-6.95957
-6.95837
-6.95715
-6.95591
-6.95466
-6.95338
-6.95208
-6.95077
-6.94943
-6.94808
-6.9467
-6.9453
-6.94389
-6.94245
-6.94099
-6.93951
-6.938
-6.93648
-6.93493
-6.93336
-6.93177
-6.93016
-6.92852
-6.92686
-6.92517
-6.92346
-6.92173
-6.91997
-6.91818
-6.91637
-6.91454
-6.91267
-6.91078
-6.90887
-6.90692
-6.90495
-6.90295
-6.90092
-6.89886
-6.89677
-6.89465
-6.8925
-6.89032
-6.88811
-6.88586
-6.88358
-6.88126
-6.87892
-6.87653
-6.87411
-6.87165
-6.86916
-6.86663
-6.86406
-6.86145
-6.8588
-6.8561
-6.85337
-6.85059
-6.84777
-6.8449
-6.84199
-6.83903
-6.83603
-6.83297
-6.82987
-6.82671
-6.82351
-6.82024
-6.81693
-6.81356
-6.81013
-6.80665
-6.8031
-6.7995
-6.79583
-6.7921
-6.7883
-6.78444
-6.78051
-6.77651
-6.77244
-6.7683
-6.76408
-6.75979
-6.75542
-6.75096
-6.74643
-6.74181
-6.73711
-6.73232
-6.72744
-6.72247
-6.71741
-6.71225
-6.70699
-6.70163
-6.69616
-6.69059
-6.68491
-6.67913
-6.67322
-6.66721
-6.66107
-6.65481
-6.64842
-6.64191
-6.63527
-6.62849
-6.62158
-6.61452
-6.60732
-6.59997
-6.59248
-6.58482
-6.57701
-6.56904
-6.56089
-6.55258
-6.5441
-6.53543
-6.52658
-6.51755
-6.50832
-6.4989
-6.48927
-6.47944
-6.46939
-6.45913
-6.44865
-6.43794
-6.427
-6.41582
-6.4044
-6.39273
-6.3808
-6.36861
-6.35615
-6.34341
-6.3304
-6.3171
-6.3035
-6.28961
-6.2754
-6.26088
-6.24604
-6.23086
-6.21535
-6.19949
-6.18328
-6.1667
-6.14975
-6.13243
-6.11471
-6.0966
-6.07809
-6.05916
-6.0398
-6.02002
-5.99979
-5.9791
-5.95796
-5.93634
-5.91423
-5.89164
-5.86854
-5.84492
-5.82078
-5.79611
-5.77088
-5.7451
-5.71874
-5.69181
-5.66428
-5.63614
-5.60739
-5.57801
-5.54799
-5.51731
-5.48597
-5.45395
-5.42125
-5.38783
-5.35371
-5.31885
-5.28326
-5.24691
-5.2098
-5.17192
-5.13324
-5.09376
-5.05347
-5.01236
-4.9704
-4.9276
-4.88394
-4.8394
-4.79398
-4.74767
-4.70046
-4.65232
-4.60327
-4.55328
-4.50234
-4.45046
-4.39761
-4.34379
-4.289
-4.23322
-4.17646
-4.1187
-4.05994
-4.00017
-3.9394
-3.87761
-3.81482
-3.751
-3.68617
-3.62033
-3.55347
-3.4856
-3.41672
-3.34683
-3.27594
-3.20406
-3.13119
-3.05734
-2.98252
-2.90674
-2.83001
-2.75235
-2.67376
-2.59427
-2.51388
-2.43262
-2.3505
-2.26755
-2.18378
-2.09921
-2.01388
-1.92779
-1.84099
-1.75349
-1.66532
-1.57651
-1.48709
-1.39709
-1.30654
-1.21548
-1.12393
-1.03194
-0.939527
-0.846737
-0.753604
-0.660163
-0.566453
-0.472512
-0.378376
-0.284084
-0.189676
-0.0951889
-0.000662759
0.0938636
0.188351
0.282761
0.377055
0.471193
0.565138
0.658851
0.752295
0.845433
0.938229
1.03065
1.12265
1.2142
1.30527
1.39583
1.48583
1.57526
1.66408
1.75226
1.83977
1.92658
2.01267
2.09802
2.1826
2.26638
2.34934
2.43147
2.51275
2.59315
2.67265
2.75125
2.82893
2.90567
2.98147
3.0563
3.13016
3.20305
3.27494
3.34584
3.41574
3.48464
3.55252
3.6194
3.68526
3.7501
3.81393
3.87674
3.93854
3.99933
4.05911
4.11788
4.17565
4.23243
4.28822
4.34303
4.39686
4.44972
4.50162
4.55257
4.60257
4.65164
4.69979
4.74702
4.79334
4.83877
4.88332
4.927
4.96981
5.01178
5.0529
5.09321
5.13269
5.17138
5.20928
5.2464
5.28276
5.31836
5.35322
5.38736
5.42078
5.4535
5.48553
5.51688
5.54756
5.57759
5.60698
5.63575
5.66389
5.69143
5.71837
5.74473
5.77052
5.79576
5.82044
5.84459
5.86821
5.89132
5.91392
5.93603
5.95766
5.97881
5.9995
6.01974
6.03953
6.05889
6.07783
6.09635
6.11446
6.13218
6.14951
6.16646
6.18305
6.19926
6.21513
6.23065
6.24583
6.26067
6.2752
6.28941
6.30331
6.31691
6.33022
6.34323
6.35597
6.36843
6.38063
6.39256
6.40424
6.41566
6.42685
6.43779
6.4485
6.45899
6.46925
6.4793
6.48913
6.49876
6.50819
6.51742
6.52646
6.53531
6.54398
6.55247
6.56078
6.56892
6.5769
6.58471
6.59237
6.59987
6.60722
6.61442
6.62148
6.62839
6.63517
6.64182
6.64833
6.65472
6.66098
6.66712
6.67314
6.67904
6.68483
6.69051
6.69608
6.70155
6.70691
6.71217
6.71734
6.7224
6.72737
6.73226
6.73705
6.74175
6.74637
6.7509
6.75535
6.75973
6.76402
6.76824
6.77238
6.77646
6.78046
6.78439
6.78825
6.79205
6.79578
6.79945
6.80305
6.8066
6.81008
6.81351
6.81688
6.8202
6.82346
6.82667
6.82982
6.83293
6.83599
6.83899
6.84195
6.84486
6.84773
6.85055
6.85333
6.85607
6.85876
6.86141
6.86402
6.86659
6.86913
6.87162
6.87408
6.8765
6.87888
6.88123
6.88355
6.88583
6.88808
6.89029
6.89247
6.89462
6.89674
6.89883
6.90089
6.90292
6.90492
6.9069
6.90884
6.91076
6.91265
6.91451
6.91635
6.91816
6.91994
6.9217
6.92344
6.92515
6.92683
6.92849
6.93013
6.93175
6.93334
6.93491
6.93646
6.93798
6.93949
6.94097
6.94243
6.94387
6.94528
6.94668
6.94806
6.94941
6.95075
6.95207
6.95336
6.95464
6.9559
6.95713
6.95835
6.95955
6.96073
6.96189
6.96303
6.96416
6.96526
6.96635
6.96742
6.96847
6.9695
6.97052
6.97151
6.97249
6.97345
6.9744
6.97532
6.97623
6.97712
6.97799
6.97885
6.97969
6.98051
6.98131
6.9821
6.98287
6.98362
6.98436
6.98507
6.98577
6.98646
6.98713
6.98778
6.98841
6.98902
6.98962
6.99021
6.99077
6.99132
6.99185
6.99237
6.99286
6.99334
6.99381
6.99426
6.99469
6.9951
6.9955
6.99588
6.99624
6.99659
6.99692
6.99723
6.99753
6.99781
6.99807
6.99832
6.99855
6.99876
6.99895
6.99913
6.9993
6.99944
6.99957
6.99968
6.99978
6.99986
6.99992
6.99996
6.99999
7
7
6.99997
6.99994
6.99988
6.99981
6.99972
6.99961
6.99949
6.99935
6.99919
6.99902
6.99883
6.99862
6.9984
6.99816
6.9979
6.99763
6.99734
6.99703
6.99671
6.99637
6.99601
6.99563
6.99524
6.99483
6.99441
6.99397
6.99351
6.99303
6.99254
6.99203
6.99151
6.99097
6.99041
6.98983
6.98924
6.98863
6.988
6.98736
6.98669
6.98602
6.98532
6.98461
6.98388
6.98313
6.98237
6.98159
6.98079
6.97998
6.97915
6.9783
6.97743
6.97655
6.97564
6.97472
6.97379
6.97283
6.97186
6.97087
6.96986
6.96884
6.96779
6.96673
6.96565
6.96455
6.96343
6.9623
6.96114
6.95997
6.95878
6.95756
6.95633
6.95508
6.95381
6.95252
6.95122
6.94989
6.94854
6.94717
6.94578
6.94437
6.94294
6.94148
6.94001
6.93851
6.937
6.93546
6.9339
6.93231
6.9307
6.92907
6.92742
6.92574
6.92404
6.92231
6.92056
6.91879
6.91699
6.91516
6.91331
6.91143
6.90952
6.90758
6.90562
6.90363
6.90161
6.89956
6.89748
6.89537
6.89323
6.89106
6.88886
6.88662
6.88435
6.88205
6.87971
6.87734
6.87493
6.87249
6.87001
6.86749
6.86493
6.86233
6.8597
6.85702
6.8543
6.85154
6.84873
6.84588
6.84298
6.84004
6.83705
6.83401
6.83092
6.82779
6.8246
6.82135
6.81806
6.8147
6.8113
6.80783
6.80431
6.80072
6.79708
6.79337
6.78959
6.78575
6.78185
6.77787
6.77383
6.76971
6.76552
6.76125
6.7569
6.75248
6.74797
6.74338
6.73871
6.73395
6.7291
6.72416
6.71913
6.714
6.70878
6.70345
6.69802
6.69249
6.68685
6.6811
6.67523
6.66925
6.66316
6.65694
6.6506
6.64413
6.63753
6.6308
6.62393
6.61692
6.60977
6.60247
6.59503
6.58743
6.57967
6.57175
6.56367
6.55541
6.54699
6.53838
6.5296
6.52062
6.51146
6.5021
6.49255
6.48279
6.47281
6.46263
6.45222
6.44159
6.43073
6.41963
6.40829
6.3967
6.38486
6.37276
6.36039
6.34775
6.33483
6.32163
6.30813
6.29434
6.28024
6.26582
6.25109
6.23603
6.22063
6.20489
6.1888
6.17234
6.15552
6.13833
6.12075
6.10277
6.08439
6.0656
6.04639
6.02675
6.00667
5.98614
5.96516
5.9437
5.92176
5.89933
5.8764
5.85296
5.829
5.80451
5.77947
5.75388
5.72772
5.70098
5.67365
5.64572
5.61718
5.58801
5.55821
5.52776
5.49664
5.46485
5.43238
5.39921
5.36532
5.33072
5.29537
5.25928
5.22243
5.18481
5.1464
5.1072
5.06718
5.02635
4.98468
4.94216
4.89879
4.85455
4.80944
4.76343
4.71652
4.6687
4.61995
4.57028
4.51966
4.4681
4.41558
4.36209
4.30763
4.25219
4.19576
4.13833
4.07991
4.02049
3.96005
3.89861
3.83616
3.77268
3.7082
3.6427
3.57618
3.50865
3.44011
3.37056
3.30001
3.22847
3.15593
3.08241
3.00792
2.93246
2.85605
2.77871
2.70043
2.62124
2.54115
2.46018
2.37835
2.29568
2.21218
2.12788
2.04281
1.95697
1.87041
1.78314
1.69519
1.6066
1.51738
1.42758
1.33721
1.24632
1.15493
1.06308
0.970807
0.878141
0.78512
0.691779
0.598156
0.504288
0.410214
0.315971
0.221597
0.127132
0.0326153
-0.0619154
-0.156421
-0.250861
-0.345198
-0.439393
-0.533408
-0.627204
-0.720743
-0.813989
-0.906904
-0.999452
-1.0916
-1.18331
-1.27455
-1.36528
-1.45547
-1.5451
-1.63413
-1.72252
-1.81026
-1.89732
-1.98366
-2.06926
-2.1541
-2.23815
-2.32139
-2.40381
-2.48537
-2.56607
-2.64588
-2.72479
-2.80278
-2.87984
-2.95596
-3.03111
-3.10531
-3.17852
-3.25075
-3.32199
-3.39223
-3.46146
-3.52969
-3.59691
-3.66311
-3.7283
-3.79247
-3.85562
-3.91776
-3.97889
-4.03901
-4.09813
-4.15624
-4.21335
-4.26948
-4.32461
-4.37877
-4.43196
-4.48419
-4.53545
-4.58578
-4.63516
-4.68362
-4.73115
-4.77778
-4.82352
-4.86836
-4.91233
-4.95543
-4.99768
-5.03909
-5.07967
-5.11944
-5.15839
-5.19656
-5.23394
-5.27055
-5.30641
-5.34152
-5.3759
-5.40956
-5.44252
-5.47478
-5.50636
-5.53727
-5.56752
-5.59712
-5.62609
-5.65444
-5.68219
-5.70933
-5.73589
-5.76187
-5.78729
-5.81216
-5.83649
-5.86028
-5.88356
-5.90634
-5.92861
-5.9504
-5.97171
-5.99256
-6.01295
-6.03289
-6.05239
-6.07147
-6.09013
-6.10838
-6.12624
-6.1437
-6.16078
-6.17748
-6.19382
-6.2098
-6.22544
-6.24073
-6.25569
-6.27033
-6.28464
-6.29865
-6.31235
-6.32575
-6.33887
-6.3517
-6.36425
-6.37654
-6.38856
-6.40032
-6.41183
-6.42309
-6.43412
-6.44491
-6.45547
-6.46581
-6.47593
-6.48583
-6.49553
-6.50503
-6.51432
-6.52343
-6.53234
-6.54107
-6.54962
-6.55799
-6.56619
-6.57422
-6.58209
-6.5898
-6.59735
-6.60475
-6.612
-6.61911
-6.62607
-6.6329
-6.63959
-6.64615
-6.65258
-6.65888
-6.66506
-6.67112
-6.67706
-6.68289
-6.68861
-6.69421
-6.69971
-6.70511
-6.71041
-6.7156
-6.7207
-6.7257
-6.73062
-6.73544
-6.74017
-6.74482
-6.74938
-6.75386
-6.75826
-6.76258
-6.76682
-6.77099
-6.77509
-6.77911
-6.78307
-6.78695
-6.79077
-6.79452
-6.79821
-6.80184
-6.80541
-6.80891
-6.81236
-6.81575
-6.81908
-6.82236
-6.82559
-6.82876
-6.83189
-6.83496
-6.83798
-6.84096
-6.84388
-6.84677
-6.8496
-6.8524
-6.85515
-6.85785
-6.86052
-6.86314
-6.86573
-6.86827
-6.87078
-6.87325
-6.87568
-6.87808
-6.88044
-6.88277
-6.88506
-6.88732
-6.88955
-6.89174
-6.8939
-6.89603
-6.89813
-6.9002
-6.90224
-6.90425
-6.90623
-6.90819
-6.91011
-6.91201
-6.91388
-6.91573
-6.91755
-6.91934
-6.92111
-6.92285
-6.92457
-6.92626
-6.92794
-6.92958
-6.9312
-6.93281
-6.93438
-6.93594
-6.93747
-6.93898
-6.94047
-6.94194
-6.94338
-6.94481
-6.94621
-6.9476
-6.94896
-6.9503
-6.95162
-6.95293
-6.95421
-6.95547
-6.95672
-6.95794
-6.95915
-6.96033
-6.9615
-6.96265
-6.96378
-6.96489
-6.96598
-6.96706
-6.96812
-6.96916
-6.97018
-6.97118
-6.97216
-6.97313
-6.97408
-6.97501
-6.97592
-6.97682
-6.9777
-6.97856
-6.97941
-6.98023
-6.98104
-6.98183
-6.98261
-6.98337
-6.98411
-6.98483
-6.98554
-6.98623
-6.9869
-6.98756
-6.9882
-6.98882
-6.98942
-6.99001
-6.99058
-6.99114
-6.99167
-6.99219
-6.9927
-6.99318
-6.99365
-6.99411
-6.99454
-6.99496
-6.99537
-6.99575
-6.99612
-6.99647
-6.99681
-6.99713
-6.99743
-6.99772
-6.99798
-6.99824
-6.99847
-6.99869
-6.99889
-6.99908
-6.99924
-6.99939
-6.99953
-6.99965
-6.99975
-6.99983
-6.9999
-6.99995
-6.99998
-7
-7
-6.99998
-6.99995
-6.9999
-6.99983
-6.99975
-6.99965
-6.99953
-6.9994
-6.99925
-6.99908
-6.9989
-6.99869
-6.99848
-6.99824
-6.99799
-6.99772
-6.99744
-6.99714
-6.99682
-6.99648
-6.99613
-6.99576
-6.99538
-6.99497
-6.99456
-6.99412
-6.99367
-6.9932
-6.99271
-6.99221
-6.99169
-6.99115
-6.9906
-6.99003
-6.98944
-6.98883
-6.98821
-6.98758
-6.98692
-6.98625
-6.98556
-6.98485
-6.98413
-6.98339
-6.98263
-6.98186
-6.98106
-6.98026
-6.97943
-6.97859
-6.97772
-6.97685
-6.97595
-6.97504
-6.97411
-6.97316
-6.97219
-6.97121
-6.9702
-6.96918
-6.96815
-6.96709
-6.96602
-6.96492
-6.96381
-6.96268
-6.96153
-6.96037
-6.95918
-6.95798
-6.95675
-6.95551
-6.95424
-6.95296
-6.95166
-6.95034
-6.949
-6.94763
-6.94625
-6.94485
-6.94342
-6.94198
-6.94051
-6.93902
-6.93751
-6.93598
-6.93443
-6.93285
-6.93125
-6.92963
-6.92798
-6.92631
-6.92462
-6.9229
-6.92116
-6.91939
-6.9176
-6.91578
-6.91393
-6.91206
-6.91017
-6.90824
-6.90629
-6.90431
-6.9023
-6.90026
-6.89819
-6.89609
-6.89396
-6.8918
-6.88961
-6.88738
-6.88512
-6.88283
-6.88051
-6.87815
-6.87575
-6.87332
-6.87085
-6.86834
-6.8658
-6.86322
-6.86059
-6.85793
-6.85522
-6.85247
-6.84968
-6.84685
-6.84397
-6.84104
-6.83807
-6.83504
-6.83197
-6.82885
-6.82568
-6.82245
-6.81918
-6.81584
-6.81246
-6.80901
-6.80551
-6.80194
-6.79832
-6.79463
-6.79088
-6.78706
-6.78318
-6.77922
-6.7752
-6.77111
-6.76694
-6.7627
-6.75838
-6.75398
-6.7495
-6.74495
-6.7403
-6.73557
-6.73075
-6.72584
-6.72084
-6.71575
-6.71055
-6.70526
-6.69987
-6.69437
-6.68876
-6.68305
-6.67723
-6.67129
-6.66523
-6.65905
-6.65275
-6.64633
-6.63977
-6.63309
-6.62627
-6.61931
-6.6122
-6.60496
-6.59756
-6.59001
-6.58231
-6.57444
-6.56642
-6.55822
-6.54985
-6.54131
-6.53259
-6.52368
-6.51458
-6.50529
-6.4958
-6.48611
-6.47621
-6.46609
-6.45576
-6.44521
-6.43442
-6.42341
-6.41215
-6.40064
-6.38889
-6.37688
-6.3646
-6.35205
-6.33923
-6.32612
-6.31273
-6.29903
-6.28504
-6.27073
-6.25611
-6.24116
-6.22587
-6.21025
-6.19427
-6.17794
-6.16125
-6.14418
-6.12673
-6.10889
-6.09065
-6.072
-6.05293
-6.03344
-6.01351
-5.99313
-5.9723
-5.951
-5.92923
-5.90697
-5.88421
-5.86094
-5.83716
-5.81285
-5.78799
-5.76259
-5.73662
-5.71008
-5.68295
-5.65523
-5.6269
-5.59794
-5.56836
-5.53812
-5.50723
-5.47567
-5.44343
-5.4105
-5.37686
-5.3425
-5.3074
-5.27157
-5.23498
-5.19762
-5.15947
-5.12054
-5.0808
-5.04024
-4.99886
-4.95663
-4.91355
-4.86961
-4.82479
-4.77908
-4.73247
-4.68496
-4.63653
-4.58717
-4.53688
-4.48564
-4.43344
-4.38028
-4.32615
-4.27104
-4.21494
-4.15785
-4.09977
-4.04068
-3.98059
-3.91949
-3.85738
-3.79425
-3.73011
-3.66495
-3.59878
-3.53159
-3.46339
-3.39418
-3.32397
-3.25276
-3.18056
-3.10737
-3.03321
-2.95808
-2.88199
-2.80495
-2.72699
-2.64811
-2.56832
-2.48765
-2.40611
-2.32372
-2.2405
-2.15646
-2.07165
-1.98607
-1.89975
-1.81271
-1.72499
-1.63661
-1.5476
-1.45799
-1.36781
-1.2771
-1.18587
-1.09418
-1.00204
-0.909504
-0.816599
-0.723362
-0.62983
-0.536041
-0.442032
-0.347842
-0.253508
-0.15907
-0.0645662
0.0299643
0.124482
0.218949
0.313326
0.407573
0.501653
0.595527
0.689157
0.782506
0.875537
0.968214
1.0605
1.15236
1.24376
1.33467
1.42505
1.51487
1.6041
1.69272
1.78068
1.86797
1.95455
2.04041
2.12551
2.20983
2.29335
2.37605
2.4579
2.53889
2.619
2.69822
2.77652
2.8539
2.93033
3.00582
3.08034
3.15388
3.22645
3.29802
3.3686
3.43817
3.50674
3.5743
3.64085
3.70638
3.77089
3.83439
3.89687
3.95834
4.0188
4.07826
4.13671
4.19416
4.25062
4.30609
4.36058
4.41409
4.46664
4.51823
4.56887
4.61857
4.66734
4.71519
4.76212
4.80816
4.8533
4.89756
4.94096
4.9835
5.02519
5.06605
5.10609
5.14532
5.18375
5.22139
5.25826
5.29437
5.32974
5.36436
5.39827
5.43146
5.46395
5.49576
5.52689
5.55736
5.58719
5.61637
5.64493
5.67288
5.70022
5.72697
5.75315
5.77876
5.80381
5.82832
5.8523
5.87575
5.8987
5.92114
5.94309
5.96456
5.98556
6.0061
6.0262
6.04585
6.06507
6.08387
6.10226
6.12025
6.13784
6.15505
6.17188
6.18834
6.20444
6.22019
6.2356
6.25067
6.26541
6.27984
6.29395
6.30775
6.32125
6.33446
6.34739
6.36004
6.37241
6.38452
6.39637
6.40797
6.41931
6.43042
6.44129
6.45193
6.46234
6.47253
6.48251
6.49228
6.50184
6.5112
6.52037
6.52935
6.53814
6.54675
6.55518
6.56344
6.57152
6.57945
6.58721
6.59482
6.60227
6.60957
6.61672
6.62373
6.63061
6.63734
6.64394
6.65042
6.65676
6.66298
6.66908
6.67507
6.68093
6.68669
6.69233
6.69787
6.7033
6.70863
6.71386
6.71899
6.72402
6.72897
6.73382
6.73858
6.74325
6.74785
6.75235
6.75678
6.76113
6.7654
6.76959
6.77371
6.77776
6.78174
6.78565
6.78949
6.79326
6.79697
6.80062
6.80421
6.80773
6.8112
6.81461
6.81796
6.82126
6.82451
6.8277
6.83084
6.83393
6.83696
6.83996
6.8429
6.8458
6.84865
6.85146
6.85422
6.85694
6.85962
6.86226
6.86486
6.86742
6.86994
6.87242
6.87487
6.87727
6.87965
6.88199
6.88429
6.88656
6.8888
6.891
6.89317
6.89531
6.89742
6.8995
6.90155
6.90357
6.90557
6.90753
6.90946
6.91137
6.91325
6.91511
6.91694
6.91874
6.92051
6.92227
6.92399
6.92569
6.92737
6.92903
6.93066
6.93227
6.93385
6.93541
6.93695
6.93847
6.93997
6.94144
6.9429
6.94433
6.94574
6.94713
6.9485
6.94985
6.95118
6.95249
6.95378
6.95505
6.9563
6.95753
6.95874
6.95993
6.96111
6.96226
6.9634
6.96452
6.96562
6.9667
6.96776
6.96881
6.96983
6.97084
6.97183
6.97281
6.97376
6.9747
6.97562
6.97652
6.97741
6.97827
6.97912
6.97996
6.98077
6.98157
6.98235
6.98311
6.98386
6.98459
6.9853
6.986
6.98668
6.98734
6.98798
6.98861
6.98922
6.98981
6.99039
6.99095
6.99149
6.99202
6.99253
6.99302
6.9935
6.99396
6.9944
6.99482
6.99523
6.99562
6.996
6.99636
6.9967
6.99702
6.99733
6.99762
6.9979
6.99815
6.99839
6.99862
6.99882
6.99901
6.99919
6.99935
6.99949
6.99961
6.99971
6.9998
6.99988
6.99993
6.99997
7
7
6.99999
6.99996
6.99992
6.99986
6.99978
6.99969
6.99957
6.99945
6.9993
6.99914
6.99896
6.99876
6.99855
6.99832
6.99808
6.99782
6.99754
6.99724
6.99693
6.9966
6.99625
6.99589
6.99551
6.99511
6.9947
6.99427
6.99382
6.99336
6.99288
6.99238
6.99187
6.99133
6.99079
6.99022
6.98964
6.98904
6.98843
6.98779
6.98714
6.98648
6.98579
6.98509
6.98438
6.98364
6.98289
6.98212
6.98133
6.98053
6.97971
6.97887
6.97802
6.97715
6.97626
6.97535
6.97442
6.97348
6.97252
6.97154
6.97054
6.96953
6.9685
6.96745
6.96638
6.96529
6.96419
6.96307
6.96192
6.96076
6.95958
6.95838
6.95717
6.95593
6.95467
6.9534
6.9521
6.95079
6.94945
6.9481
6.94672
6.94532
6.94391
6.94247
6.94101
6.93953
6.93803
6.9365
6.93495
6.93339
6.93179
6.93018
6.92854
6.92688
6.92519
6.92348
6.92175
6.91999
6.91821
6.9164
6.91456
6.9127
6.91081
6.90889
6.90695
6.90498
6.90298
6.90095
6.89889
6.8968
6.89468
6.89253
6.89035
6.88814
6.88589
6.88361
6.8813
6.87895
6.87657
6.87415
6.87169
6.8692
6.86666
6.86409
6.86148
6.85883
6.85614
6.85341
6.85063
6.84781
6.84494
6.84203
6.83908
6.83607
6.83302
6.82991
6.82676
6.82355
6.82029
6.81698
6.81361
6.81018
6.8067
6.80315
6.79955
6.79588
6.79215
6.78836
6.7845
6.78057
6.77657
6.7725
6.76836
6.76414
6.75985
6.75548
6.75103
6.7465
6.74188
6.73718
6.73239
6.72751
6.72254
6.71748
6.71232
6.70706
6.7017
6.69624
6.69067
6.68499
6.67921
6.67331
6.66729
6.66115
6.6549
6.64851
6.642
6.63536
6.62859
6.62167
6.61462
6.60742
6.60008
6.59258
6.58493
6.57712
6.56915
6.56101
6.5527
6.54422
6.53556
6.52671
6.51768
6.50845
6.49903
6.48941
6.47958
6.46954
6.45928
6.4488
6.4381
6.42716
6.41598
6.40456
6.39289
6.38097
6.36878
6.35632
6.3436
6.33059
6.31729
6.3037
6.2898
6.2756
6.26109
6.24625
6.23108
6.21557
6.19971
6.1835
6.16693
6.14999
6.13267
6.11497
6.09686
6.07835
6.05943
6.04008
6.0203
6.00007
5.9794
5.95826
5.93664
5.91455
5.89196
5.86887
5.84526
5.82113
5.79646
5.77124
5.74546
5.71912
5.69219
5.66467
5.63654
5.6078
5.57843
5.54841
5.51775
5.48642
5.45441
5.42171
5.38831
5.35419
5.31935
5.28376
5.24743
5.21033
5.17245
5.13379
5.09432
5.05404
5.01294
4.971
4.92821
4.88456
4.84003
4.79463
4.74833
4.70112
4.65301
4.60396
4.55398
4.50306
4.45119
4.39836
4.34455
4.28977
4.23401
4.17726
4.11951
4.06077
4.00102
3.94026
3.87849
3.8157
3.7519
3.68709
3.62126
3.55441
3.48656
3.41769
3.34782
3.27694
3.20508
3.13222
3.05838
2.98358
2.90781
2.8311
2.75345
2.67487
2.59539
2.51501
2.43376
2.35166
2.26872
2.18496
2.1004
2.01508
1.92901
1.84221
1.75472
1.66656
1.57776
1.48835
1.39836
1.30782
1.21676
1.12522
1.03323
0.940826
0.848041
0.754912
0.661475
0.567769
0.47383
0.379697
0.285407
0.191
0.0965141
0.00198828
-0.0925384
-0.187027
-0.281438
-0.375733
-0.469874
-0.563822
-0.657539
-0.750987
-0.84413
-0.93693
-1.02935
-1.12136
-1.21292
-1.304
-1.39456
-1.48458
-1.57401
-1.66284
-1.75102
-1.83854
-1.92537
-2.01147
-2.09683
-2.18142
-2.26521
-2.34819
-2.43033
-2.51161
-2.59203
-2.67155
-2.75016
-2.82785
-2.9046
-2.98041
-3.05526
-3.12913
-3.20203
-3.27394
-3.34486
-3.41477
-3.48368
-3.55158
-3.61847
-3.68434
-3.7492
-3.81304
-3.87587
-3.93768
-3.99848
-4.05827
-4.11706
-4.17485
-4.23164
-4.28745
-4.34227
-4.39611
-4.44899
-4.5009
-4.55186
-4.60188
-4.65096
-4.69912
-4.74636
-4.7927
-4.83814
-4.8827
-4.92639
-4.96922
-5.01119
-5.05233
-5.09265
-5.13215
-5.17084
-5.20875
-5.24588
-5.28225
-5.31787
-5.35274
-5.38689
-5.42032
-5.45305
-5.48508
-5.51644
-5.54714
-5.57718
-5.60658
-5.63535
-5.6635
-5.69104
-5.718
-5.74437
-5.77017
-5.79541
-5.8201
-5.84425
-5.86788
-5.891
-5.91361
-5.93572
-5.95736
-5.97852
-5.99921
-6.01945
-6.03925
-6.05862
-6.07756
-6.09609
-6.11421
-6.13194
-6.14927
-6.16623
-6.18282
-6.19904
-6.21491
-6.23043
-6.24561
-6.26047
-6.275
-6.28921
-6.30312
-6.31672
-6.33003
-6.34305
-6.35579
-6.36826
-6.38046
-6.39239
-6.40407
-6.41551
-6.42669
-6.43764
-6.44836
-6.45884
-6.46911
-6.47916
-6.489
-6.49863
-6.50806
-6.51729
-6.52633
-6.53519
-6.54386
-6.55235
-6.56066
-6.56881
-6.57679
-6.58461
-6.59226
-6.59977
-6.60712
-6.61432
-6.62138
-6.6283
-6.63508
-6.64173
-6.64824
-6.65463
-6.66089
-6.66703
-6.67306
-6.67896
-6.68475
-6.69043
-6.69601
-6.70147
-6.70684
-6.7121
-6.71726
-6.72233
-6.72731
-6.73219
-6.73698
-6.74168
-6.7463
-6.75084
-6.75529
-6.75967
-6.76396
-6.76818
-6.77233
-6.7764
-6.7804
-6.78433
-6.7882
-6.79199
-6.79573
-6.7994
-6.803
-6.80655
-6.81004
-6.81346
-6.81684
-6.82015
-6.82341
-6.82662
-6.82978
-6.83289
-6.83594
-6.83895
-6.84191
-6.84482
-6.84769
-6.85051
-6.85329
-6.85603
-6.85872
-6.86137
-6.86398
-6.86656
-6.86909
-6.87159
-6.87404
-6.87646
-6.87885
-6.8812
-6.88351
-6.8858
-6.88804
-6.89026
-6.89244
-6.89459
-6.89671
-6.8988
-6.90086
-6.90289
-6.9049
-6.90687
-6.90881
-6.91073
-6.91262
-6.91448
-6.91632
-6.91813
-6.91992
-6.92168
-6.92341
-6.92512
-6.92681
-6.92847
-6.93011
-6.93173
-6.93332
-6.93489
-6.93644
-6.93796
-6.93947
-6.94095
-6.94241
-6.94385
-6.94526
-6.94666
-6.94804
-6.9494
-6.95073
-6.95205
-6.95334
-6.95462
-6.95588
-6.95712
-6.95833
-6.95953
-6.96071
-6.96188
-6.96302
-6.96414
-6.96525
-6.96634
-6.9674
-6.96846
-6.96949
-6.9705
-6.9715
-6.97248
-6.97344
-6.97438
-6.97531
-6.97622
-6.97711
-6.97798
-6.97884
-6.97968
-6.9805
-6.9813
-6.98209
-6.98286
-6.98361
-6.98435
-6.98506
-6.98576
-6.98645
-6.98712
-6.98777
-6.9884
-6.98902
-6.98961
-6.9902
-6.99076
-6.99131
-6.99184
-6.99236
-6.99286
-6.99334
-6.9938
-6.99425
-6.99468
-6.9951
-6.99549
-6.99587
-6.99624
-6.99658
-6.99691
-6.99723
-6.99752
-6.9978
-6.99807
-6.99831
-6.99854
-6.99876
-6.99895
-6.99913
-6.99929
-6.99944
-6.99957
-6.99968
-6.99978
-6.99985
-6.99992
-6.99996
-6.99999
-7
-7
-6.99997
-6.99994
-6.99988
-6.99981
-6.99972
-6.99961
-6.99949
-6.99935
-6.9992
-6.99902
-6.99883
-6.99863
-6.9984
-6.99816
-6.99791
-6.99763
-6.99734
-6.99704
-6.99671
-6.99637
-6.99601
-6.99564
-6.99525
-6.99484
-6.99442
-6.99397
-6.99352
-6.99304
-6.99255
-6.99204
-6.99152
-6.99097
-6.99041
-6.98984
-6.98925
-6.98864
-6.98801
-6.98736
-6.9867
-6.98603
-6.98533
-6.98462
-6.98389
-6.98315
-6.98238
-6.9816
-6.9808
-6.97999
-6.97916
-6.97831
-6.97744
-6.97656
-6.97566
-6.97474
-6.9738
-6.97285
-6.97187
-6.97088
-6.96988
-6.96885
-6.96781
-6.96674
-6.96566
-6.96456
-6.96345
-6.96231
-6.96116
-6.95998
-6.95879
-6.95758
-6.95635
-6.9551
-6.95383
-6.95254
-6.95123
-6.94991
-6.94856
-6.94719
-6.9458
-6.94439
-6.94296
-6.9415
-6.94003
-6.93854
-6.93702
-6.93548
-6.93392
-6.93233
-6.93073
-6.9291
-6.92744
-6.92577
-6.92406
-6.92234
-6.92059
-6.91881
-6.91701
-6.91518
-6.91333
-6.91145
-6.90955
-6.90761
-6.90565
-6.90366
-6.90164
-6.89959
-6.89751
-6.8954
-6.89326
-6.89109
-6.88889
-6.88665
-6.88439
-6.88208
-6.87975
-6.87738
-6.87497
-6.87252
-6.87004
-6.86752
-6.86497
-6.86237
-6.85973
-6.85706
-6.85434
-6.85157
-6.84877
-6.84592
-6.84302
-6.84008
-6.83709
-6.83405
-6.83097
-6.82783
-6.82464
-6.8214
-6.8181
-6.81475
-6.81135
-6.80788
-6.80436
-6.80077
-6.79713
-6.79342
-6.78965
-6.78581
-6.7819
-6.77793
-6.77388
-6.76977
-6.76557
-6.76131
-6.75696
-6.75254
-6.74804
-6.74345
-6.73878
-6.73402
-6.72917
-6.72423
-6.7192
-6.71407
-6.70885
-6.70352
-6.6981
-6.69257
-6.68693
-6.68118
-6.67531
-6.66934
-6.66324
-6.65703
-6.65069
-6.64422
-6.63762
-6.63089
-6.62403
-6.61702
-6.60987
-6.60258
-6.59513
-6.58753
-6.57978
-6.57186
-6.56378
-6.55553
-6.5471
-6.5385
-6.52972
-6.52075
-6.51159
-6.50224
-6.49268
-6.48292
-6.47296
-6.46277
-6.45237
-6.44174
-6.43088
-6.41979
-6.40845
-6.39686
-6.38503
-6.37293
-6.36056
-6.34793
-6.33501
-6.32181
-6.30832
-6.29453
-6.28044
-6.26603
-6.2513
-6.23624
-6.22085
-6.20511
-6.18902
-6.17258
-6.15576
-6.13857
-6.12099
-6.10302
-6.08465
-6.06587
-6.04667
-6.02703
-6.00696
-5.98644
-5.96545
-5.944
-5.92207
-5.89965
-5.87673
-5.8533
-5.82934
-5.80486
-5.77982
-5.75424
-5.72809
-5.70136
-5.67404
-5.64612
-5.61759
-5.58843
-5.55863
-5.52819
-5.49708
-5.4653
-5.43284
-5.39968
-5.3658
-5.33121
-5.29588
-5.2598
-5.22296
-5.18534
-5.14695
-5.10775
-5.06775
-5.02693
-4.98527
-4.94277
-4.89941
-4.85518
-4.81007
-4.76408
-4.71718
-4.66937
-4.62064
-4.57098
-4.52038
-4.46883
-4.41632
-4.36285
-4.3084
-4.25297
-4.19655
-4.13914
-4.08074
-4.02133
-3.96091
-3.89948
-3.83704
-3.77358
-3.70911
-3.64362
-3.57712
-3.50961
-3.44108
-3.37155
-3.30101
-3.22948
-3.15696
-3.08345
-3.00897
-2.93353
-2.85713
-2.7798
-2.70153
-2.62235
-2.54228
-2.46132
-2.37951
-2.29684
-2.21336
-2.12907
-2.044
-1.95818
-1.87163
-1.78437
-1.69643
-1.60784
-1.51864
-1.42884
-1.33848
-1.2476
-1.15621
-1.06437
-0.972104
-0.879443
-0.786426
-0.69309
-0.59947
-0.505606
-0.411534
-0.317293
-0.222921
-0.128457
-0.0339407
0.06059
0.155096
0.249537
0.343876
0.438074
0.532091
0.62589
0.719433
0.812683
0.905603
0.998157
1.09031
1.18202
1.27327
1.36401
1.45421
1.54385
1.63288
1.72129
1.80904
1.8961
1.98245
2.06806
2.15291
2.23698
2.32023
2.40266
2.48424
2.56494
2.64477
2.72369
2.80169
2.87877
2.95489
3.03007
3.10427
3.1775
3.24975
3.321
3.39125
3.4605
3.52874
3.59597
3.66219
3.72739
3.79157
3.85474
3.9169
3.97804
4.03818
4.0973
4.15543
4.21256
4.2687
4.32385
4.37802
4.43122
4.48346
4.53474
4.58508
4.63447
4.68294
4.73049
4.77714
4.82288
4.86774
4.91172
4.95484
4.9971
5.03852
5.07911
5.11889
5.15785
5.19603
5.23342
5.27004
5.30591
5.34103
5.37543
5.4091
5.44206
5.47433
5.50592
5.53684
5.5671
5.59671
5.62569
5.65405
5.6818
5.70895
5.73552
5.76151
5.78694
5.81181
5.83615
5.85995
5.88324
5.90602
5.9283
5.9501
5.97142
5.99227
6.01266
6.03261
6.05212
6.07121
6.08987
6.10813
6.12599
6.14346
6.16054
6.17725
6.1936
6.20958
6.22522
6.24052
6.25548
6.27012
6.28444
6.29845
6.31216
6.32557
6.33868
6.35152
6.36408
6.37637
6.38839
6.40016
6.41167
6.42294
6.43397
6.44476
6.45532
6.46566
6.47579
6.4857
6.4954
6.50489
6.51419
6.5233
6.53222
6.54095
6.5495
6.55787
6.56607
6.57411
6.58198
6.58969
6.59725
6.60465
6.6119
6.61901
6.62598
6.6328
6.6395
6.64606
6.65249
6.65879
6.66497
6.67103
6.67698
6.68281
6.68853
6.69414
6.69964
6.70504
6.71033
6.71553
6.72063
6.72563
6.73055
6.73537
6.7401
6.74475
6.74931
6.7538
6.7582
6.76252
6.76676
6.77093
6.77503
6.77906
6.78301
6.7869
6.79072
6.79447
6.79816
6.80179
6.80536
6.80886
6.81231
6.8157
6.81904
6.82232
6.82554
6.82872
6.83184
6.83492
6.83794
6.84092
6.84384
6.84673
6.84956
6.85236
6.85511
6.85782
6.86048
6.86311
6.86569
6.86824
6.87075
6.87322
6.87565
6.87805
6.88041
6.88274
6.88503
6.88729
6.88951
6.89171
6.89387
6.896
6.8981
6.90017
6.90221
6.90422
6.9062
6.90816
6.91009
6.91198
6.91386
6.9157
6.91752
6.91932
6.92108
6.92283
6.92455
6.92624
6.92791
6.92956
6.93118
6.93278
6.93436
6.93592
6.93745
6.93896
6.94045
6.94192
6.94336
6.94479
6.94619
6.94758
6.94894
6.95028
6.95161
6.95291
6.95419
6.95545
6.9567
6.95792
6.95913
6.96032
6.96148
6.96263
6.96376
6.96488
6.96597
6.96704
6.9681
6.96914
6.97016
6.97116
6.97215
6.97312
6.97407
6.975
6.97591
6.97681
6.97769
6.97855
6.97939
6.98022
6.98103
6.98182
6.9826
6.98336
6.9841
6.98482
6.98553
6.98622
6.98689
6.98755
6.98819
6.98881
6.98941
6.99
6.99057
6.99113
6.99167
6.99219
6.99269
6.99318
6.99365
6.9941
6.99454
6.99496
6.99536
6.99575
6.99612
6.99647
6.9968
6.99712
6.99743
6.99771
6.99798
6.99823
6.99847
6.99869
6.99889
6.99907
6.99924
6.99939
6.99953
6.99964
6.99975
6.99983
6.9999
6.99995
6.99998
7
7
6.99998
6.99995
6.9999
6.99983
6.99975
6.99965
6.99953
6.9994
6.99925
6.99908
6.9989
6.9987
6.99848
6.99825
6.99799
6.99773
6.99744
6.99714
6.99682
6.99649
6.99614
6.99577
6.99538
6.99498
6.99456
6.99413
6.99367
6.9932
6.99272
6.99222
6.9917
6.99116
6.99061
6.99003
6.98945
6.98884
6.98822
6.98758
6.98693
6.98626
6.98557
6.98486
6.98414
6.9834
6.98264
6.98187
6.98108
6.98027
6.97944
6.9786
6.97774
6.97686
6.97596
6.97505
6.97412
6.97317
6.9722
6.97122
6.97022
6.9692
6.96816
6.9671
6.96603
6.96494
6.96383
6.9627
6.96155
6.96038
6.9592
6.95799
6.95677
6.95553
6.95426
6.95298
6.95168
6.95036
6.94901
6.94765
6.94627
6.94487
6.94344
6.942
6.94053
6.93904
6.93753
6.936
6.93445
6.93287
6.93127
6.92965
6.928
6.92634
6.92464
6.92292
6.92118
6.91942
6.91762
6.91581
6.91396
6.91209
6.91019
6.90827
6.90632
6.90433
6.90232
6.90029
6.89822
6.89612
6.89399
6.89183
6.88964
6.88741
6.88516
6.88287
6.88054
6.87818
6.87579
6.87335
6.87089
6.86838
6.86584
6.86325
6.86063
6.85797
6.85526
6.85251
6.84972
6.84689
6.84401
6.84108
6.83811
6.83509
6.83202
6.8289
6.82572
6.8225
6.81922
6.81589
6.8125
6.80906
6.80555
6.80199
6.79837
6.79468
6.79093
6.78711
6.78323
6.77928
6.77526
6.77117
6.767
6.76276
6.75844
6.75404
6.74957
6.74501
6.74037
6.73564
6.73082
6.72591
6.72091
6.71582
6.71063
6.70534
6.69994
6.69445
6.68884
6.68313
6.67731
6.67137
6.66532
6.65914
6.65284
6.64642
6.63987
6.63318
6.62636
6.6194
6.6123
6.60506
6.59767
6.59012
6.58242
6.57456
6.56653
6.55834
6.54997
6.54143
6.53271
6.5238
6.51471
6.50542
6.49594
6.48625
6.47635
6.46624
6.45591
6.44536
6.43458
6.42356
6.41231
6.40081
6.38906
6.37705
6.36477
6.35223
6.33941
6.32631
6.31292
6.29923
6.28524
6.27093
6.25631
6.24137
6.22609
6.21047
6.1945
6.17818
6.16149
6.14442
6.12698
6.10914
6.09091
6.07227
6.0532
6.03372
6.01379
5.99342
5.9726
5.95131
5.92954
5.90728
5.88453
5.86127
5.8375
5.81319
5.78835
5.76295
5.73699
5.71046
5.68334
5.65562
5.6273
5.59835
5.56877
5.53855
5.50767
5.47612
5.44389
5.41096
5.37733
5.34298
5.3079
5.27208
5.23549
5.19815
5.16001
5.12109
5.08136
5.04082
4.99944
4.95723
4.91416
4.87023
4.82542
4.77973
4.73313
4.68563
4.63722
4.58787
4.53759
4.48636
4.43418
4.38103
4.32691
4.27182
4.21573
4.15866
4.10059
4.04152
3.98144
3.92036
3.85826
3.79514
3.73102
3.66587
3.59971
3.53254
3.46435
3.39516
3.32496
3.25377
3.18158
3.10841
3.03425
2.95914
2.88306
2.80604
2.72809
2.64922
2.56945
2.48879
2.40726
2.32488
2.24167
2.15765
2.07284
1.98727
1.90096
1.81394
1.72623
1.63786
1.54886
1.45926
1.36908
1.27837
1.18716
1.09547
1.00334
0.910805
0.817904
0.724672
0.631144
0.537358
0.443352
0.349164
0.254832
0.160395
0.0658916
-0.0286388
-0.123157
-0.217625
-0.312003
-0.406252
-0.500335
-0.594212
-0.687846
-0.781199
-0.874235
-0.966917
-1.05921
-1.15108
-1.24248
-1.3334
-1.42379
-1.51362
-1.60286
-1.69148
-1.77945
-1.86675
-1.95334
-2.03921
-2.12432
-2.20865
-2.29218
-2.37489
-2.45676
-2.53776
-2.61789
-2.69712
-2.77543
-2.85282
-2.92927
-3.00477
-3.0793
-3.15286
-3.22544
-3.29702
-3.36762
-3.43721
-3.50579
-3.57336
-3.63992
-3.70546
-3.76999
-3.83351
-3.896
-3.95749
-4.01796
-4.07743
-4.1359
-4.19336
-4.24983
-4.30532
-4.35982
-4.41335
-4.46591
-4.51752
-4.56817
-4.61788
-4.66666
-4.71452
-4.76147
-4.80752
-4.85267
-4.89695
-4.94036
-4.98291
-5.02461
-5.06548
-5.10553
-5.14477
-5.18321
-5.22087
-5.25775
-5.29387
-5.32924
-5.36388
-5.3978
-5.431
-5.4635
-5.49532
-5.52646
-5.55694
-5.58677
-5.61597
-5.64453
-5.67249
-5.69984
-5.7266
-5.75279
-5.7784
-5.80347
-5.82798
-5.85197
-5.87543
-5.89838
-5.92083
-5.94278
-5.96426
-5.98527
-6.00582
-6.02592
-6.04558
-6.0648
-6.08361
-6.10201
-6.12
-6.13759
-6.15481
-6.17164
-6.18811
-6.20422
-6.21997
-6.23539
-6.25046
-6.26521
-6.27964
-6.29375
-6.30756
-6.32107
-6.33428
-6.34721
-6.35986
-6.37224
-6.38435
-6.39621
-6.40781
-6.41916
-6.43026
-6.44114
-6.45178
-6.46219
-6.47239
-6.48237
-6.49214
-6.50171
-6.51107
-6.52024
-6.52922
-6.53802
-6.54663
-6.55506
-6.56332
-6.57141
-6.57934
-6.5871
-6.59471
-6.60216
-6.60947
-6.61662
-6.62364
-6.63051
-6.63725
-6.64385
-6.65033
-6.65667
-6.6629
-6.669
-6.67498
-6.68085
-6.68661
-6.69225
-6.69779
-6.70322
-6.70855
-6.71378
-6.71892
-6.72395
-6.7289
-6.73375
-6.73851
-6.74319
-6.74778
-6.75229
-6.75672
-6.76107
-6.76534
-6.76953
-6.77365
-6.7777
-6.78168
-6.78559
-6.78943
-6.79321
-6.79692
-6.80057
-6.80416
-6.80768
-6.81115
-6.81456
-6.81792
-6.82122
-6.82446
-6.82765
-6.83079
-6.83388
-6.83692
-6.83991
-6.84286
-6.84576
-6.84861
-6.85142
-6.85418
-6.8569
-6.85958
-6.86222
-6.86482
-6.86738
-6.8699
-6.87239
-6.87483
-6.87724
-6.87961
-6.88195
-6.88426
-6.88653
-6.88877
-6.89097
-6.89314
-6.89528
-6.89739
-6.89947
-6.90152
-6.90355
-6.90554
-6.9075
-6.90944
-6.91135
-6.91323
-6.91508
-6.91691
-6.91871
-6.92049
-6.92224
-6.92397
-6.92567
-6.92735
-6.929
-6.93064
-6.93224
-6.93383
-6.93539
-6.93693
-6.93845
-6.93995
-6.94142
-6.94288
-6.94431
-6.94572
-6.94711
-6.94848
-6.94983
-6.95116
-6.95247
-6.95376
-6.95503
-6.95628
-6.95751
-6.95872
-6.95992
-6.96109
-6.96225
-6.96338
-6.9645
-6.9656
-6.96668
-6.96775
-6.96879
-6.96982
-6.97083
-6.97182
-6.97279
-6.97375
-6.97469
-6.97561
-6.97651
-6.97739
-6.97826
-6.97911
-6.97994
-6.98076
-6.98156
-6.98234
-6.9831
-6.98385
-6.98458
-6.98529
-6.98599
-6.98667
-6.98733
-6.98797
-6.9886
-6.98921
-6.98981
-6.99038
-6.99094
-6.99149
-6.99201
-6.99252
-6.99301
-6.99349
-6.99395
-6.99439
-6.99482
-6.99523
-6.99562
-6.99599
-6.99635
-6.99669
-6.99702
-6.99733
-6.99762
-6.99789
-6.99815
-6.99839
-6.99861
-6.99882
-6.99901
-6.99919
-6.99934
-6.99948
-6.99961
-6.99971
-6.9998
-6.99988
-6.99993
-6.99997
-7
-7
-6.99999
-6.99996
-6.99992
-6.99986
-6.99978
-6.99969
-6.99958
-6.99945
-6.9993
-6.99914
-6.99896
-6.99877
-6.99856
-6.99833
-6.99808
-6.99782
-6.99754
-6.99724
-6.99693
-6.9966
-6.99626
-6.99589
-6.99551
-6.99512
-6.99471
-6.99428
-6.99383
-6.99336
-6.99288
-6.99239
-6.99187
-6.99134
-6.99079
-6.99023
-6.98965
-6.98905
-6.98843
-6.9878
-6.98715
-6.98649
-6.9858
-6.9851
-6.98439
-6.98365
-6.9829
-6.98213
-6.98135
-6.98054
-6.97972
-6.97888
-6.97803
-6.97716
-6.97627
-6.97536
-6.97444
-6.97349
-6.97253
-6.97155
-6.97056
-6.96955
-6.96851
-6.96746
-6.9664
-6.96531
-6.9642
-6.96308
-6.96194
-6.96078
-6.9596
-6.9584
-6.95718
-6.95595
-6.95469
-6.95342
-6.95212
-6.95081
-6.94947
-6.94812
-6.94674
-6.94534
-6.94393
-6.94249
-6.94103
-6.93955
-6.93805
-6.93652
-6.93498
-6.93341
-6.93182
-6.9302
-6.92856
-6.9269
-6.92522
-6.92351
-6.92177
-6.92002
-6.91823
-6.91642
-6.91459
-6.91273
-6.91084
-6.90892
-6.90698
-6.90501
-6.90301
-6.90098
-6.89892
-6.89683
-6.89471
-6.89256
-6.89038
-6.88817
-6.88592
-6.88364
-6.88133
-6.87898
-6.8766
-6.87418
-6.87172
-6.86923
-6.8667
-6.86413
-6.86152
-6.85887
-6.85618
-6.85345
-6.85067
-6.84785
-6.84499
-6.84207
-6.83912
-6.83611
-6.83306
-6.82996
-6.8268
-6.8236
-6.82034
-6.81702
-6.81365
-6.81023
-6.80675
-6.8032
-6.7996
-6.79593
-6.7922
-6.78841
-6.78455
-6.78062
-6.77663
-6.77256
-6.76842
-6.7642
-6.75991
-6.75554
-6.75109
-6.74656
-6.74195
-6.73725
-6.73246
-6.72758
-6.72261
-6.71755
-6.71239
-6.70714
-6.70178
-6.69632
-6.69075
-6.68508
-6.67929
-6.67339
-6.66738
-6.66124
-6.65499
-6.6486
-6.6421
-6.63546
-6.62868
-6.62177
-6.61472
-6.60752
-6.60018
-6.59269
-6.58504
-6.57723
-6.56926
-6.56113
-6.55282
-6.54434
-6.53568
-6.52684
-6.51781
-6.50858
-6.49916
-6.48954
-6.47972
-6.46968
-6.45943
-6.44895
-6.43825
-6.42731
-6.41614
-6.40472
-6.39306
-6.38113
-6.36895
-6.3565
-6.34378
-6.33077
-6.31748
-6.30389
-6.29
-6.2758
-6.26129
-6.24646
-6.23129
-6.21579
-6.19994
-6.18373
-6.16717
-6.15023
-6.13292
-6.11522
-6.09712
-6.07861
-6.05969
-6.04035
-6.02058
-6.00036
-5.97969
-5.95855
-5.93695
-5.91486
-5.89228
-5.86919
-5.84559
-5.82147
-5.79681
-5.7716
-5.74583
-5.71949
-5.69257
-5.66506
-5.63694
-5.60821
-5.57884
-5.54884
-5.51818
-5.48686
-5.45486
-5.42217
-5.38878
-5.35467
-5.31984
-5.28427
-5.24794
-5.21086
-5.17299
-5.13434
-5.09488
-5.05462
-5.01352
-4.97159
-4.92881
-4.88517
-4.84066
-4.79527
-4.74898
-4.70179
-4.65369
-4.60466
-4.55469
-4.50378
-4.45192
-4.3991
-4.34531
-4.29055
-4.2348
-4.17806
-4.12033
-4.0616
-4.00186
-3.94112
-3.87936
-3.81659
-3.75281
-3.688
-3.62219
-3.55536
-3.48751
-3.41866
-3.3488
-3.27794
-3.20609
-3.13325
-3.05943
-2.98463
-2.90888
-2.83218
-2.75454
-2.67598
-2.59651
-2.51615
-2.43491
-2.35282
-2.26988
-2.18614
-2.10159
-2.01628
-1.93022
-1.84343
-1.75595
-1.6678
-1.57901
-1.48961
-1.39962
-1.30909
-1.21804
-1.12651
-1.03452
-0.942124
-0.849344
-0.75622
-0.662788
-0.569085
-0.475149
-0.381018
-0.28673
-0.192325
-0.0978393
-0.0033138
0.0912131
0.185702
0.280115
0.374412
0.468555
0.562506
0.656227
0.749679
0.842826
0.935631
1.02806
1.12007
1.21164
1.30272
1.39329
1.48332
1.57276
1.6616
1.74979
1.83732
1.92416
2.01027
2.09564
2.18024
2.26404
2.34703
2.42918
2.51048
2.5909
2.67044
2.74906
2.82677
2.90353
2.97935
3.05421
3.1281
3.20102
3.27294
3.34387
3.4138
3.48272
3.55063
3.61754
3.68342
3.7483
3.81215
3.87499
3.93682
3.99764
4.05744
4.11625
4.17405
4.23086
4.28667
4.34151
4.39536
4.44825
4.50018
4.55115
4.60118
4.65028
4.69845
4.7457
4.79205
4.83751
4.88208
4.92578
4.96862
5.01061
5.05176
5.09209
5.1316
5.17031
5.20823
5.24537
5.28175
5.31737
5.35226
5.38641
5.41985
5.45259
5.48464
5.51601
5.54671
5.57676
5.60617
5.63495
5.66311
5.69066
5.71762
5.744
5.76981
5.79506
5.81976
5.84392
5.86756
5.89068
5.91329
5.93542
5.95706
5.97822
5.99892
6.01917
6.03898
6.05835
6.0773
6.09583
6.11396
6.13169
6.14903
6.16599
6.18259
6.19881
6.21469
6.23022
6.2454
6.26026
6.2748
6.28902
6.30293
6.31653
6.32985
6.34287
6.35562
6.36809
6.38029
6.39223
6.40391
6.41535
6.42654
6.43749
6.44821
6.4587
6.46897
6.47902
6.48886
6.4985
6.50793
6.51716
6.52621
6.53506
6.54374
6.55223
6.56055
6.5687
6.57668
6.5845
6.59216
6.59966
6.60701
6.61422
6.62128
6.6282
6.63499
6.64163
6.64815
6.65454
6.66081
6.66695
6.67297
6.67888
6.68467
6.69036
6.69593
6.7014
6.70676
6.71203
6.71719
6.72226
6.72724
6.73212
6.73691
6.74162
6.74624
6.75078
6.75523
6.75961
6.7639
6.76812
6.77227
6.77634
6.78035
6.78428
6.78814
6.79194
6.79567
6.79934
6.80295
6.8065
6.80999
6.81342
6.81679
6.82011
6.82337
6.82658
6.82974
6.83284
6.8359
6.83891
6.84187
6.84478
6.84765
6.85047
6.85325
6.85599
6.85868
6.86134
6.86395
6.86652
6.86905
6.87155
6.87401
6.87643
6.87882
6.88117
6.88348
6.88576
6.88801
6.89023
6.89241
6.89456
6.89668
6.89877
6.90084
6.90287
6.90487
6.90684
6.90879
6.9107
6.91259
6.91446
6.91629
6.91811
6.91989
6.92165
6.92339
6.9251
6.92679
6.92845
6.93009
6.9317
6.9333
6.93487
6.93641
6.93794
6.93944
6.94093
6.94239
6.94383
6.94524
6.94664
6.94802
6.94938
6.95071
6.95203
6.95333
6.9546
6.95586
6.9571
6.95832
6.95952
6.9607
6.96186
6.963
6.96413
6.96523
6.96632
6.96739
6.96844
6.96947
6.97049
6.97149
6.97246
6.97343
6.97437
6.9753
6.9762
6.9771
6.97797
6.97883
6.97966
6.98049
6.98129
6.98208
6.98285
6.9836
6.98433
6.98505
6.98575
6.98644
6.98711
6.98776
6.98839
6.98901
6.98961
6.99019
6.99076
6.9913
6.99184
6.99235
6.99285
6.99333
6.9938
6.99424
6.99468
6.99509
6.99549
6.99587
6.99623
6.99658
6.99691
6.99722
6.99752
6.9978
6.99806
6.99831
6.99854
6.99875
6.99895
6.99913
6.99929
6.99944
6.99957
6.99968
6.99978
6.99985
6.99992
6.99996
6.99999
7
7
6.99998
6.99994
6.99988
6.99981
6.99972
6.99961
6.99949
6.99935
6.9992
6.99902
6.99884
6.99863
6.99841
6.99817
6.99791
6.99764
6.99735
6.99704
6.99672
6.99638
6.99602
6.99564
6.99525
6.99485
6.99442
6.99398
6.99352
6.99305
6.99256
6.99205
6.99152
6.99098
6.99042
6.98985
6.98925
6.98864
6.98802
6.98737
6.98671
6.98604
6.98534
6.98463
6.9839
6.98316
6.98239
6.98161
6.98082
6.98
6.97917
6.97832
6.97745
6.97657
6.97567
6.97475
6.97381
6.97286
6.97189
6.9709
6.96989
6.96886
6.96782
6.96676
6.96568
6.96458
6.96346
6.96233
6.96117
6.96
6.95881
6.9576
6.95637
6.95512
6.95385
6.95256
6.95125
6.94992
6.94858
6.94721
6.94582
6.94441
6.94298
6.94152
6.94005
6.93856
6.93704
6.9355
6.93394
6.93236
6.93075
6.92912
6.92747
6.92579
6.92409
6.92236
6.92061
6.91884
6.91704
6.91521
6.91336
6.91148
6.90957
6.90764
6.90568
6.90369
6.90167
6.89962
6.89754
6.89543
6.89329
6.89112
6.88892
6.88669
6.88442
6.88212
6.87978
6.87741
6.875
6.87256
6.87008
6.86756
6.865
6.86241
6.85977
6.85709
6.85437
6.85161
6.84881
6.84596
6.84306
6.84012
6.83713
6.8341
6.83101
6.82787
6.82469
6.82144
6.81815
6.8148
6.81139
6.80793
6.80441
6.80082
6.79718
6.79347
6.7897
6.78586
6.78196
6.77798
6.77394
6.76982
6.76563
6.76137
6.75703
6.7526
6.7481
6.74351
6.73884
6.73409
6.72924
6.7243
6.71927
6.71415
6.70892
6.7036
6.69817
6.69264
6.68701
6.68126
6.6754
6.66942
6.66333
6.65711
6.65078
6.64431
6.63772
6.63099
6.62412
6.61712
6.60997
6.60268
6.59524
6.58764
6.57989
6.57197
6.56389
6.55565
6.54722
6.53863
6.52984
6.52088
6.51172
6.50237
6.49282
6.48306
6.4731
6.46292
6.45252
6.44189
6.43103
6.41994
6.40861
6.39703
6.38519
6.3731
6.36074
6.34811
6.3352
6.322
6.30851
6.29473
6.28064
6.26623
6.25151
6.23645
6.22107
6.20533
6.18925
6.17281
6.156
6.13881
6.12124
6.10328
6.08491
6.06614
6.04694
6.02731
6.00724
5.98673
5.96575
5.94431
5.92238
5.89997
5.87705
5.85363
5.82968
5.8052
5.78018
5.7546
5.72846
5.70174
5.67443
5.64651
5.61799
5.58884
5.55905
5.52862
5.49752
5.46575
5.4333
5.40015
5.36628
5.3317
5.29638
5.26031
5.22348
5.18588
5.14749
5.10831
5.06832
5.0275
4.98586
4.94337
4.90002
4.85581
4.81071
4.76473
4.71784
4.67005
4.62133
4.57169
4.5211
4.46956
4.41706
4.3636
4.30917
4.25375
4.19735
4.13996
4.08156
4.02217
3.96176
3.90035
3.83792
3.77448
3.71002
3.64455
3.57806
3.51056
3.44205
3.37253
3.30201
3.23049
3.15798
3.08449
3.01002
2.93459
2.85821
2.78089
2.70264
2.62347
2.54341
2.46247
2.38066
2.29801
2.21453
2.13026
2.0452
1.95939
1.87285
1.7856
1.69767
1.60909
1.51989
1.4301
1.33975
1.24887
1.1575
1.06566
0.9734
0.880745
0.787733
0.6944
0.600785
0.506924
0.412854
0.318615
0.224245
0.129782
0.0352662
-0.0592646
-0.153771
-0.248214
-0.342554
-0.436754
-0.530774
-0.624576
-0.718124
-0.811378
-0.904303
-0.996862
-1.08902
-1.18074
-1.27199
-1.36274
-1.45295
-1.54259
-1.63164
-1.72005
-1.80781
-1.89488
-1.98124
-2.06687
-2.15173
-2.2358
-2.31907
-2.40151
-2.4831
-2.56382
-2.64365
-2.72259
-2.80061
-2.87769
-2.95383
-3.02902
-3.10324
-3.17648
-3.24874
-3.32
-3.39027
-3.45954
-3.52779
-3.59504
-3.66127
-3.72648
-3.79068
-3.85387
-3.91604
-3.97719
-4.03734
-4.09648
-4.15462
-4.21177
-4.26792
-4.32308
-4.37727
-4.43048
-4.48273
-4.53403
-4.58438
-4.63379
-4.68227
-4.72983
-4.77649
-4.82225
-4.86711
-4.91111
-4.95424
-4.99651
-5.03794
-5.07855
-5.11833
-5.15731
-5.1955
-5.2329
-5.26954
-5.30541
-5.34055
-5.37495
-5.40863
-5.4416
-5.47388
-5.50548
-5.53641
-5.56668
-5.5963
-5.62529
-5.65366
-5.68142
-5.70858
-5.73515
-5.76115
-5.78658
-5.81147
-5.83581
-5.85962
-5.88292
-5.9057
-5.92799
-5.94979
-5.97112
-5.99198
-6.01238
-6.03233
-6.05185
-6.07094
-6.08961
-6.10788
-6.12574
-6.14321
-6.1603
-6.17702
-6.19337
-6.20936
-6.225
-6.24031
-6.25528
-6.26992
-6.28424
-6.29826
-6.31197
-6.32538
-6.3385
-6.35134
-6.3639
-6.37619
-6.38822
-6.39999
-6.41151
-6.42278
-6.43381
-6.44461
-6.45518
-6.46552
-6.47565
-6.48556
-6.49526
-6.50476
-6.51406
-6.52317
-6.53209
-6.54083
-6.54938
-6.55776
-6.56596
-6.574
-6.58187
-6.58958
-6.59714
-6.60455
-6.6118
-6.61891
-6.62588
-6.63271
-6.6394
-6.64596
-6.6524
-6.6587
-6.66489
-6.67095
-6.6769
-6.68273
-6.68845
-6.69406
-6.69956
-6.70496
-6.71026
-6.71546
-6.72056
-6.72557
-6.73048
-6.7353
-6.74004
-6.74469
-6.74925
-6.75373
-6.75814
-6.76246
-6.7667
-6.77088
-6.77497
-6.779
-6.78296
-6.78684
-6.79066
-6.79442
-6.79811
-6.80174
-6.80531
-6.80881
-6.81226
-6.81566
-6.81899
-6.82227
-6.8255
-6.82868
-6.8318
-6.83487
-6.8379
-6.84087
-6.8438
-6.84669
-6.84952
-6.85232
-6.85507
-6.85778
-6.86044
-6.86307
-6.86566
-6.8682
-6.87071
-6.87318
-6.87562
-6.87801
-6.88038
-6.8827
-6.885
-6.88726
-6.88948
-6.89168
-6.89384
-6.89597
-6.89807
-6.90014
-6.90218
-6.90419
-6.90618
-6.90813
-6.91006
-6.91196
-6.91383
-6.91568
-6.9175
-6.91929
-6.92106
-6.9228
-6.92452
-6.92622
-6.92789
-6.92954
-6.93116
-6.93276
-6.93434
-6.93589
-6.93743
-6.93894
-6.94043
-6.9419
-6.94334
-6.94477
-6.94617
-6.94756
-6.94892
-6.95026
-6.95159
-6.95289
-6.95417
-6.95544
-6.95668
-6.95791
-6.95911
-6.9603
-6.96147
-6.96262
-6.96375
-6.96486
-6.96595
-6.96703
-6.96809
-6.96913
-6.97015
-6.97115
-6.97214
-6.9731
-6.97405
-6.97499
-6.9759
-6.9768
-6.97768
-6.97854
-6.97938
-6.98021
-6.98102
-6.98181
-6.98259
-6.98335
-6.98409
-6.98481
-6.98552
-6.98621
-6.98688
-6.98754
-6.98818
-6.9888
-6.98941
-6.98999
-6.99057
-6.99112
-6.99166
-6.99218
-6.99268
-6.99317
-6.99364
-6.99409
-6.99453
-6.99495
-6.99535
-6.99574
-6.99611
-6.99646
-6.9968
-6.99712
-6.99742
-6.99771
-6.99798
-6.99823
-6.99846
-6.99868
-6.99889
-6.99907
-6.99924
-6.99939
-6.99953
-6.99964
-6.99974
-6.99983
-6.9999
-6.99995
-6.99998
-7
-7
-6.99998
-6.99995
-6.9999
-6.99984
-6.99975
-6.99965
-6.99954
-6.9994
-6.99925
-6.99909
-6.9989
-6.9987
-6.99848
-6.99825
-6.998
-6.99773
-6.99745
-6.99715
-6.99683
-6.99649
-6.99614
-6.99577
-6.99539
-6.99499
-6.99457
-6.99413
-6.99368
-6.99321
-6.99272
-6.99222
-6.9917
-6.99117
-6.99061
-6.99004
-6.98946
-6.98885
-6.98823
-6.98759
-6.98694
-6.98627
-6.98558
-6.98487
-6.98415
-6.98341
-6.98265
-6.98188
-6.98109
-6.98028
-6.97945
-6.97861
-6.97775
-6.97687
-6.97598
-6.97506
-6.97413
-6.97318
-6.97222
-6.97123
-6.97023
-6.96921
-6.96818
-6.96712
-6.96605
-6.96495
-6.96384
-6.96271
-6.96157
-6.9604
-6.95921
-6.95801
-6.95679
-6.95554
-6.95428
-6.953
-6.9517
-6.95038
-6.94903
-6.94767
-6.94629
-6.94489
-6.94346
-6.94202
-6.94055
-6.93906
-6.93756
-6.93602
-6.93447
-6.93289
-6.9313
-6.92967
-6.92803
-6.92636
-6.92467
-6.92295
-6.92121
-6.91944
-6.91765
-6.91583
-6.91399
-6.91212
-6.91022
-6.90829
-6.90634
-6.90436
-6.90235
-6.90031
-6.89825
-6.89615
-6.89402
-6.89186
-6.88967
-6.88744
-6.88519
-6.8829
-6.88057
-6.87821
-6.87582
-6.87339
-6.87092
-6.86842
-6.86587
-6.86329
-6.86067
-6.858
-6.8553
-6.85255
-6.84976
-6.84693
-6.84405
-6.84112
-6.83815
-6.83513
-6.83206
-6.82894
-6.82577
-6.82255
-6.81927
-6.81594
-6.81255
-6.80911
-6.8056
-6.80204
-6.79842
-6.79473
-6.79098
-6.78717
-6.78329
-6.77934
-6.77532
-6.77122
-6.76706
-6.76282
-6.7585
-6.75411
-6.74963
-6.74507
-6.74043
-6.7357
-6.73089
-6.72598
-6.72098
-6.71589
-6.7107
-6.70541
-6.70002
-6.69452
-6.68892
-6.68321
-6.67739
-6.67145
-6.6654
-6.65923
-6.65293
-6.64651
-6.63996
-6.63328
-6.62646
-6.6195
-6.61241
-6.60516
-6.59777
-6.59023
-6.58253
-6.57467
-6.56664
-6.55845
-6.55009
-6.54155
-6.53283
-6.52393
-6.51484
-6.50555
-6.49607
-6.48638
-6.47649
-6.46638
-6.45606
-6.44551
-6.43473
-6.42372
-6.41247
-6.40097
-6.38922
-6.37722
-6.36495
-6.35241
-6.33959
-6.32649
-6.31311
-6.29942
-6.28543
-6.27114
-6.25652
-6.24158
-6.22631
-6.21069
-6.19473
-6.17841
-6.16172
-6.14467
-6.12723
-6.1094
-6.09117
-6.07253
-6.05348
-6.03399
-6.01408
-5.99371
-5.97289
-5.95161
-5.92985
-5.9076
-5.88485
-5.8616
-5.83783
-5.81354
-5.7887
-5.76331
-5.73736
-5.71083
-5.68372
-5.65602
-5.6277
-5.59876
-5.56919
-5.53898
-5.50811
-5.47657
-5.44435
-5.41143
-5.37781
-5.34347
-5.3084
-5.27258
-5.23601
-5.19867
-5.16056
-5.12164
-5.08193
-5.04139
-5.00003
-4.95783
-4.91477
-4.87085
-4.82605
-4.78037
-4.73379
-4.68631
-4.6379
-4.58857
-4.5383
-4.48709
-4.43492
-4.38178
-4.32768
-4.2726
-4.21653
-4.15947
-4.10141
-4.04236
-3.98229
-3.92122
-3.85913
-3.79604
-3.73192
-3.66679
-3.60065
-3.53349
-3.46532
-3.39614
-3.32596
-3.25477
-3.1826
-3.10944
-3.0353
-2.9602
-2.88413
-2.80713
-2.72919
-2.65033
-2.57057
-2.48992
-2.40841
-2.32604
-2.24284
-2.15883
-2.07404
-1.98848
-1.90218
-1.81516
-1.72746
-1.6391
-1.55011
-1.46052
-1.37035
-1.27965
-1.18844
-1.09675
-1.00463
-0.912105
-0.819209
-0.725981
-0.632457
-0.538675
-0.444671
-0.350485
-0.256155
-0.161719
-0.067217
0.0273133
0.121832
0.216301
0.31068
0.404932
0.499017
0.592897
0.686535
0.779892
0.872933
0.96562
1.05792
1.14979
1.2412
1.33213
1.42252
1.51236
1.60161
1.69024
1.77822
1.86553
1.95214
2.03801
2.12313
2.20747
2.29102
2.37374
2.45562
2.53663
2.61677
2.69601
2.77434
2.85174
2.9282
3.00371
3.07826
3.15183
3.22443
3.29603
3.36663
3.43624
3.50483
3.57242
3.63899
3.70455
3.76909
3.83262
3.89513
3.95663
4.01712
4.0766
4.13508
4.19256
4.24905
4.30455
4.35906
4.4126
4.46518
4.5168
4.56747
4.61719
4.66599
4.71386
4.76082
4.80688
4.85205
4.89634
4.93975
4.98232
5.02403
5.06492
5.10498
5.14423
5.18268
5.22035
5.25724
5.29337
5.32875
5.3634
5.39732
5.43054
5.46305
5.49488
5.52603
5.55652
5.58636
5.61556
5.64414
5.6721
5.69946
5.72623
5.75242
5.77805
5.80312
5.82764
5.85163
5.8751
5.89806
5.92051
5.94248
5.96396
5.98498
6.00553
6.02564
6.0453
6.06454
6.08335
6.10175
6.11975
6.13735
6.15457
6.17141
6.18788
6.20399
6.21976
6.23517
6.25025
6.26501
6.27944
6.29356
6.30737
6.32088
6.3341
6.34703
6.35969
6.37207
6.38419
6.39604
6.40764
6.419
6.43011
6.44099
6.45163
6.46205
6.47225
6.48223
6.49201
6.50157
6.51094
6.52012
6.5291
6.53789
6.54651
6.55494
6.56321
6.5713
6.57923
6.587
6.5946
6.60206
6.60937
6.61652
6.62354
6.63042
6.63715
6.64376
6.65024
6.65659
6.66281
6.66891
6.6749
6.68077
6.68653
6.69217
6.69771
6.70315
6.70848
6.71371
6.71884
6.72388
6.72883
6.73368
6.73845
6.74312
6.74772
6.75223
6.75666
6.76101
6.76528
6.76947
6.7736
6.77765
6.78163
6.78554
6.78938
6.79316
6.79687
6.80052
6.80411
6.80764
6.8111
6.81452
6.81787
6.82117
6.82441
6.82761
6.83075
6.83384
6.83688
6.83987
6.84282
6.84572
6.84857
6.85138
6.85414
6.85687
6.85955
6.86219
6.86479
6.86735
6.86987
6.87235
6.8748
6.87721
6.87958
6.88192
6.88423
6.8865
6.88873
6.89094
6.89311
6.89525
6.89737
6.89945
6.9015
6.90352
6.90551
6.90747
6.90941
6.91132
6.9132
6.91506
6.91688
6.91869
6.92046
6.92222
6.92394
6.92565
6.92733
6.92898
6.93061
6.93222
6.93381
6.93537
6.93691
6.93843
6.93993
6.9414
6.94286
6.94429
6.9457
6.94709
6.94846
6.94981
6.95114
6.95245
6.95374
6.95501
6.95626
6.9575
6.95871
6.9599
6.96108
6.96223
6.96337
6.96449
6.96559
6.96667
6.96773
6.96878
6.9698
6.97081
6.9718
6.97278
6.97373
6.97467
6.97559
6.9765
6.97738
6.97825
6.9791
6.97993
6.98075
6.98155
6.98233
6.98309
6.98384
6.98457
6.98528
6.98598
6.98666
6.98732
6.98796
6.98859
6.9892
6.9898
6.99037
6.99093
6.99148
6.99201
6.99251
6.99301
6.99348
6.99394
6.99439
6.99481
6.99522
6.99561
6.99599
6.99635
6.99669
6.99701
6.99732
6.99761
6.99789
6.99815
6.99839
6.99861
6.99882
6.99901
6.99918
6.99934
6.99948
6.99961
6.99971
6.9998
6.99988
6.99993
6.99997
7
7
6.99999
6.99996
6.99992
6.99986
6.99978
6.99969
6.99958
6.99945
6.9993
6.99914
6.99897
6.99877
6.99856
6.99833
6.99809
6.99782
6.99754
6.99725
6.99694
6.99661
6.99626
6.9959
6.99552
6.99512
6.99471
6.99428
6.99383
6.99337
6.99289
6.99239
6.99188
6.99135
6.9908
6.99024
6.98966
6.98906
6.98844
6.98781
6.98716
6.9865
6.98581
6.98511
6.9844
6.98366
6.98291
6.98214
6.98136
6.98055
6.97973
6.9789
6.97804
6.97717
6.97628
6.97537
6.97445
6.97351
6.97255
6.97157
6.97057
6.96956
6.96853
6.96748
6.96641
6.96532
6.96422
6.9631
6.96196
6.9608
6.95962
6.95842
6.9572
6.95597
6.95471
6.95343
6.95214
6.95082
6.94949
6.94813
6.94676
6.94536
6.94395
6.94251
6.94105
6.93957
6.93807
6.93654
6.935
6.93343
6.93184
6.93022
6.92859
6.92693
6.92524
6.92353
6.9218
6.92004
6.91826
6.91645
6.91461
6.91275
6.91086
6.90895
6.90701
6.90503
6.90304
6.90101
6.89895
6.89686
6.89474
6.89259
6.89041
6.8882
6.88595
6.88368
6.88136
6.87902
6.87663
6.87421
6.87176
6.86927
6.86674
6.86417
6.86156
6.85891
6.85622
6.85348
6.85071
6.84789
6.84503
6.84212
6.83916
6.83616
6.8331
6.83
6.82685
6.82364
6.82038
6.81707
6.8137
6.81028
6.80679
6.80325
6.79965
6.79599
6.79226
6.78846
6.78461
6.78068
6.77668
6.77261
6.76847
6.76426
6.75997
6.7556
6.75115
6.74662
6.74201
6.73731
6.73253
6.72765
6.72268
6.71762
6.71247
6.70721
6.70185
6.69639
6.69083
6.68516
6.67937
6.67347
6.66746
6.66133
6.65507
6.64869
6.64219
6.63555
6.62878
6.62187
6.61482
6.60763
6.60029
6.59279
6.58515
6.57734
6.56937
6.56124
6.55294
6.54446
6.5358
6.52696
6.51793
6.50871
6.4993
6.48968
6.47986
6.46982
6.45957
6.4491
6.4384
6.42747
6.4163
6.40488
6.39322
6.3813
6.36912
6.35668
6.34396
6.33095
6.31766
6.30408
6.2902
6.276
6.2615
6.24667
6.23151
6.21601
6.20016
6.18396
6.1674
6.15047
6.13316
6.11547
6.09737
6.07888
6.05996
6.04063
6.02086
6.00065
5.97998
5.95885
5.93726
5.91517
5.8926
5.86952
5.84593
5.82181
5.79716
5.77195
5.74619
5.71986
5.69295
5.66545
5.63734
5.60861
5.57926
5.54927
5.51862
5.4873
5.45531
5.42264
5.38925
5.35516
5.32033
5.28477
5.24846
5.21138
5.17353
5.13489
5.09544
5.05519
5.0141
4.97219
4.92942
4.88579
4.84129
4.79591
4.74964
4.70246
4.65437
4.60535
4.5554
4.5045
4.45266
4.39985
4.34607
4.29132
4.23559
4.17887
4.12115
4.06243
4.00271
3.94198
3.88023
3.81748
3.75371
3.68892
3.62312
3.5563
3.48847
3.41963
3.34979
3.27894
3.2071
3.13428
3.06047
2.98569
2.90995
2.83326
2.75564
2.67709
2.59763
2.51728
2.43605
2.35397
2.27105
2.18732
2.10278
2.01748
1.93143
1.84465
1.75718
1.66904
1.58026
1.49086
1.40089
1.31036
1.21932
1.12779
1.03582
0.943422
0.850647
0.757528
0.6641
0.5704
0.476468
0.382339
0.288053
0.193649
0.0991646
0.00463931
-0.0898879
-0.184378
-0.278792
-0.373091
-0.467237
-0.56119
-0.654914
-0.748371
-0.841522
-0.934333
-1.02677
-1.11879
-1.21036
-1.30145
-1.39203
-1.48206
-1.57151
-1.66035
-1.74856
-1.8361
-1.92294
-2.00907
-2.09445
-2.17905
-2.26287
-2.34587
-2.42804
-2.50935
-2.58978
-2.66933
-2.74797
-2.82568
-2.90246
-2.9783
-3.05317
-3.12708
-3.2
-3.27194
-3.34288
-3.41282
-3.48176
-3.54969
-3.6166
-3.68251
-3.74739
-3.81126
-3.87412
-3.93596
-3.99679
-4.05661
-4.11543
-4.17324
-4.23007
-4.2859
-4.34074
-4.39462
-4.44752
-4.49946
-4.55045
-4.60049
-4.6496
-4.69778
-4.74505
-4.79141
-4.83688
-4.88146
-4.92518
-4.96803
-5.01003
-5.05119
-5.09153
-5.13105
-5.16977
-5.2077
-5.24485
-5.28124
-5.31688
-5.35177
-5.38594
-5.41939
-5.45214
-5.4842
-5.51557
-5.54629
-5.57634
-5.60576
-5.63455
-5.66272
-5.69028
-5.71725
-5.74364
-5.76945
-5.79471
-5.81941
-5.84358
-5.86723
-5.89036
-5.91298
-5.93511
-5.95676
-5.97793
-5.99864
-6.01889
-6.03871
-6.05808
-6.07704
-6.09558
-6.11371
-6.13144
-6.14879
-6.16576
-6.18236
-6.19859
-6.21447
-6.23
-6.24519
-6.26006
-6.27459
-6.28882
-6.30273
-6.31634
-6.32966
-6.34269
-6.35544
-6.36791
-6.38012
-6.39206
-6.40375
-6.41519
-6.42638
-6.43734
-6.44806
-6.45855
-6.46883
-6.47888
-6.48873
-6.49836
-6.5078
-6.51704
-6.52608
-6.53494
-6.54362
-6.55211
-6.56043
-6.56858
-6.57657
-6.58439
-6.59205
-6.59956
-6.60691
-6.61412
-6.62118
-6.62811
-6.63489
-6.64154
-6.64806
-6.65445
-6.66072
-6.66686
-6.67289
-6.6788
-6.68459
-6.69028
-6.69585
-6.70132
-6.70669
-6.71195
-6.71712
-6.72219
-6.72717
-6.73205
-6.73685
-6.74155
-6.74617
-6.75071
-6.75517
-6.75954
-6.76384
-6.76806
-6.77221
-6.77629
-6.78029
-6.78422
-6.78809
-6.79189
-6.79562
-6.79929
-6.8029
-6.80645
-6.80994
-6.81337
-6.81674
-6.82006
-6.82332
-6.82653
-6.82969
-6.8328
-6.83586
-6.83887
-6.84183
-6.84474
-6.84761
-6.85043
-6.85321
-6.85595
-6.85865
-6.8613
-6.86391
-6.86649
-6.86902
-6.87152
-6.87397
-6.8764
-6.87878
-6.88113
-6.88345
-6.88573
-6.88798
-6.8902
-6.89238
-6.89453
-6.89666
-6.89875
-6.90081
-6.90284
-6.90484
-6.90681
-6.90876
-6.91068
-6.91257
-6.91443
-6.91627
-6.91808
-6.91987
-6.92163
-6.92336
-6.92507
-6.92676
-6.92842
-6.93006
-6.93168
-6.93327
-6.93484
-6.93639
-6.93792
-6.93942
-6.94091
-6.94237
-6.94381
-6.94523
-6.94662
-6.948
-6.94936
-6.95069
-6.95201
-6.95331
-6.95459
-6.95584
-6.95708
-6.9583
-6.9595
-6.96068
-6.96184
-6.96299
-6.96411
-6.96522
-6.96631
-6.96737
-6.96843
-6.96946
-6.97047
-6.97147
-6.97245
-6.97341
-6.97436
-6.97528
-6.97619
-6.97708
-6.97796
-6.97881
-6.97965
-6.98047
-6.98128
-6.98207
-6.98284
-6.98359
-6.98432
-6.98504
-6.98575
-6.98643
-6.9871
-6.98775
-6.98838
-6.989
-6.9896
-6.99018
-6.99075
-6.9913
-6.99183
-6.99234
-6.99284
-6.99332
-6.99379
-6.99424
-6.99467
-6.99508
-6.99548
-6.99586
-6.99623
-6.99657
-6.99691
-6.99722
-6.99752
-6.9978
-6.99806
-6.99831
-6.99854
-6.99875
-6.99895
-6.99913
-6.99929
-6.99944
-6.99957
-6.99968
-6.99977
-6.99985
-6.99992
-6.99996
-6.99999
-7
-7
-6.99998
-6.99994
-6.99988
-6.99981
-6.99972
-6.99962
-6.99949
-6.99936
-6.9992
-6.99903
-6.99884
-6.99863
-6.99841
-6.99817
-6.99791
-6.99764
-6.99735
-6.99704
-6.99672
-6.99638
-6.99602
-6.99565
-6.99526
-6.99485
-6.99443
-6.99399
-6.99353
-6.99306
-6.99256
-6.99206
-6.99153
-6.99099
-6.99043
-6.98985
-6.98926
-6.98865
-6.98803
-6.98738
-6.98672
-6.98605
-6.98535
-6.98464
-6.98391
-6.98317
-6.9824
-6.98162
-6.98083
-6.98001
-6.97918
-6.97833
-6.97747
-6.97658
-6.97568
-6.97476
-6.97383
-6.97287
-6.9719
-6.97091
-6.9699
-6.96888
-6.96784
-6.96677
-6.96569
-6.9646
-6.96348
-6.96234
-6.96119
-6.96002
-6.95883
-6.95761
-6.95639
-6.95514
-6.95387
-6.95258
-6.95127
-6.94994
-6.94859
-6.94723
-6.94584
-6.94443
-6.943
-6.94155
-6.94007
-6.93858
-6.93706
-6.93552
-6.93396
-6.93238
-6.93077
-6.92914
-6.92749
-6.92581
-6.92411
-6.92239
-6.92064
-6.91886
-6.91706
-6.91524
-6.91338
-6.9115
-6.9096
-6.90767
-6.9057
-6.90371
-6.9017
-6.89965
-6.89757
-6.89546
-6.89332
-6.89115
-6.88895
-6.88672
-6.88445
-6.88215
-6.87981
-6.87744
-6.87504
-6.87259
-6.87011
-6.8676
-6.86504
-6.86244
-6.85981
-6.85713
-6.85441
-6.85165
-6.84885
-6.846
-6.8431
-6.84016
-6.83718
-6.83414
-6.83105
-6.82792
-6.82473
-6.82149
-6.8182
-6.81485
-6.81144
-6.80798
-6.80446
-6.80087
-6.79723
-6.79352
-6.78975
-6.78592
-6.78201
-6.77804
-6.774
-6.76988
-6.76569
-6.76143
-6.75709
-6.75267
-6.74816
-6.74358
-6.73891
-6.73415
-6.72931
-6.72437
-6.71934
-6.71422
-6.709
-6.70368
-6.69825
-6.69272
-6.68709
-6.68134
-6.67548
-6.66951
-6.66341
-6.6572
-6.65087
-6.6444
-6.63781
-6.63108
-6.62422
-6.61722
-6.61007
-6.60278
-6.59534
-6.58775
-6.58
-6.57209
-6.56401
-6.55576
-6.54734
-6.53875
-6.52997
-6.52101
-6.51185
-6.5025
-6.49295
-6.4832
-6.47324
-6.46306
-6.45266
-6.44204
-6.43119
-6.4201
-6.40877
-6.39719
-6.38536
-6.37327
-6.36091
-6.34829
-6.33538
-6.32219
-6.30871
-6.29492
-6.28084
-6.26644
-6.25172
-6.23667
-6.22128
-6.20556
-6.18948
-6.17304
-6.15624
-6.13906
-6.12149
-6.10353
-6.08517
-6.0664
-6.04721
-6.02759
-6.00753
-5.98702
-5.96605
-5.94461
-5.92269
-5.90028
-5.87738
-5.85396
-5.83002
-5.80555
-5.78053
-5.75496
-5.72883
-5.70212
-5.67481
-5.64691
-5.61839
-5.58925
-5.55948
-5.52905
-5.49796
-5.4662
-5.43376
-5.40062
-5.36676
-5.33219
-5.29688
-5.26082
-5.224
-5.18641
-5.14804
-5.10886
-5.06888
-5.02808
-4.98645
-4.94397
-4.90064
-4.85643
-4.81135
-4.76538
-4.71851
-4.67073
-4.62202
-4.57239
-4.52181
-4.47029
-4.41781
-4.36436
-4.30994
-4.25454
-4.19815
-4.14077
-4.08239
-4.02301
-3.96262
-3.90122
-3.8388
-3.77538
-3.71093
-3.64547
-3.579
-3.51151
-3.44301
-3.37351
-3.303
-3.2315
-3.159
-3.08553
-3.01107
-2.93566
-2.85929
-2.78198
-2.70374
-2.62459
-2.54454
-2.46361
-2.38181
-2.29917
-2.21571
-2.13144
-2.0464
-1.9606
-1.87406
-1.78682
-1.69891
-1.61034
-1.52115
-1.43136
-1.34102
-1.25015
-1.15878
-1.06695
-0.974697
-0.882046
-0.789039
-0.695711
-0.602099
-0.508241
-0.414175
-0.319938
-0.225569
-0.131107
-0.0365917
0.0579392
0.152446
0.24689
0.341232
0.435434
0.529457
0.623263
0.716814
0.810073
0.903002
0.995567
1.08773
1.17946
1.27072
1.36147
1.45169
1.54134
1.63039
1.71882
1.80659
1.89367
1.98004
2.06567
2.15054
2.23463
2.31791
2.40036
2.48196
2.56269
2.64254
2.72149
2.79952
2.87662
2.95277
3.02797
3.1022
3.17546
3.24773
3.31901
3.38929
3.45857
3.52684
3.5941
3.66034
3.72557
3.78979
3.85299
3.91517
3.97634
4.0365
4.09566
4.15381
4.21097
4.26714
4.32231
4.37652
4.42974
4.48201
4.53332
4.58368
4.6331
4.6816
4.72917
4.77584
4.82161
4.86649
4.9105
4.95364
4.99592
5.03737
5.07798
5.11778
5.15677
5.19497
5.23238
5.26903
5.30492
5.34006
5.37447
5.40816
5.44115
5.47344
5.50504
5.53598
5.56626
5.59589
5.62489
5.65326
5.68103
5.7082
5.73478
5.76079
5.78623
5.81112
5.83547
5.85929
5.8826
5.90539
5.92768
5.94949
5.97082
5.99169
6.0121
6.03206
6.05158
6.07068
6.08936
6.10762
6.12549
6.14297
6.16007
6.17679
6.19314
6.20914
6.22479
6.2401
6.25507
6.26972
6.28405
6.29806
6.31178
6.32519
6.33832
6.35116
6.36373
6.37602
6.38806
6.39983
6.41135
6.42262
6.43366
6.44446
6.45503
6.46538
6.47551
6.48542
6.49513
6.50463
6.51394
6.52305
6.53197
6.5407
6.54926
6.55764
6.56585
6.57389
6.58176
6.58948
6.59704
6.60444
6.6117
6.61881
6.62578
6.63261
6.63931
6.64587
6.65231
6.65862
6.6648
6.67087
6.67681
6.68265
6.68837
6.69398
6.69948
6.70489
6.71019
6.71538
6.72049
6.7255
6.73041
6.73524
6.73997
6.74462
6.74919
6.75367
6.75807
6.7624
6.76665
6.77082
6.77492
6.77894
6.7829
6.78679
6.79061
6.79437
6.79806
6.80169
6.80526
6.80877
6.81222
6.81561
6.81894
6.82223
6.82546
6.82863
6.83176
6.83483
6.83786
6.84083
6.84376
6.84665
6.84949
6.85228
6.85503
6.85774
6.86041
6.86303
6.86562
6.86817
6.87068
6.87315
6.87558
6.87798
6.88034
6.88267
6.88496
6.88722
6.88945
6.89165
6.89381
6.89594
6.89804
6.90011
6.90215
6.90417
6.90615
6.9081
6.91003
6.91193
6.9138
6.91565
6.91747
6.91927
6.92104
6.92278
6.9245
6.92619
6.92787
6.92951
6.93114
6.93274
6.93432
6.93587
6.93741
6.93892
6.94041
6.94188
6.94332
6.94475
6.94615
6.94754
6.9489
6.95024
6.95157
6.95287
6.95416
6.95542
6.95666
6.95789
6.9591
6.96028
6.96145
6.9626
6.96373
6.96485
6.96594
6.96702
6.96807
6.96911
6.97013
6.97114
6.97212
6.97309
6.97404
6.97497
6.97589
6.97678
6.97766
6.97853
6.97937
6.9802
6.98101
6.9818
6.98258
6.98334
6.98408
6.9848
6.98551
6.9862
6.98687
6.98753
6.98817
6.98879
6.9894
6.98999
6.99056
6.99111
6.99165
6.99217
6.99268
6.99316
6.99363
6.99409
6.99453
6.99495
6.99535
6.99574
6.99611
6.99646
6.9968
6.99711
6.99742
6.9977
6.99797
6.99823
6.99846
6.99868
6.99888
6.99907
6.99924
6.99939
6.99952
6.99964
6.99974
6.99983
6.9999
6.99995
6.99998
7
7
6.99998
6.99995
6.9999
6.99984
6.99975
6.99965
6.99954
6.9994
6.99925
6.99909
6.9989
6.9987
6.99849
6.99825
6.998
6.99773
6.99745
6.99715
6.99683
6.9965
6.99615
6.99578
6.99539
6.99499
6.99457
6.99414
6.99369
6.99322
6.99273
6.99223
6.99171
6.99117
6.99062
6.99005
6.98946
6.98886
6.98824
6.9876
6.98695
6.98628
6.98559
6.98488
6.98416
6.98342
6.98266
6.98189
6.9811
6.98029
6.97946
6.97862
6.97776
6.97688
6.97599
6.97508
6.97415
6.9732
6.97223
6.97125
6.97025
6.96923
6.96819
6.96713
6.96606
6.96497
6.96386
6.96273
6.96158
6.96042
6.95923
6.95803
6.9568
6.95556
6.9543
6.95302
6.95172
6.95039
6.94905
6.94769
6.94631
6.94491
6.94348
6.94204
6.94057
6.93909
6.93758
6.93605
6.93449
6.93292
6.93132
6.9297
6.92805
6.92638
6.92469
6.92297
6.92123
6.91947
6.91767
6.91586
6.91401
6.91214
6.91025
6.90832
6.90637
6.90439
6.90238
6.90034
6.89828
6.89618
6.89405
6.89189
6.8897
6.88748
6.88522
6.88293
6.88061
6.87825
6.87585
6.87342
6.87096
6.86845
6.86591
6.86333
6.8607
6.85804
6.85534
6.85259
6.8498
6.84697
6.84409
6.84116
6.83819
6.83517
6.8321
6.82898
6.82581
6.82259
6.81932
6.81599
6.8126
6.80916
6.80565
6.80209
6.79847
6.79478
6.79104
6.78722
6.78334
6.77939
6.77537
6.77128
6.76712
6.76288
6.75856
6.75417
6.74969
6.74514
6.7405
6.73577
6.73096
6.72605
6.72105
6.71596
6.71077
6.70549
6.7001
6.6946
6.689
6.68329
6.67747
6.67154
6.66549
6.65932
6.65302
6.6466
6.64005
6.63337
6.62656
6.6196
6.61251
6.60526
6.59788
6.59033
6.58264
6.57478
6.56676
6.55857
6.55021
6.54167
6.53296
6.52406
6.51497
6.50568
6.4962
6.48652
6.47663
6.46652
6.4562
6.44566
6.43488
6.42387
6.41263
6.40113
6.38939
6.37739
6.36512
6.35259
6.33977
6.32668
6.3133
6.29962
6.28563
6.27134
6.25673
6.24179
6.22652
6.21091
6.19495
6.17864
6.16196
6.14491
6.12747
6.10965
6.09143
6.07279
6.05375
6.03427
6.01436
5.994
5.97319
5.95191
5.93015
5.90791
5.88518
5.86193
5.83817
5.81388
5.78905
5.76367
5.73773
5.71121
5.68411
5.65641
5.6281
5.59917
5.56961
5.53941
5.50855
5.47702
5.4448
5.4119
5.37829
5.34396
5.30889
5.27309
5.23653
5.1992
5.1611
5.12219
5.08249
5.04197
5.00062
4.95842
4.91538
4.87147
4.82669
4.78102
4.73445
4.68698
4.63859
4.58927
4.53901
4.48781
4.43565
4.38253
4.32844
4.27337
4.21732
4.16028
4.10223
4.04319
3.98314
3.92208
3.86001
3.79693
3.73283
3.66771
3.60158
3.53444
3.46628
3.39712
3.32695
3.25578
3.18362
3.11047
3.03635
2.96126
2.88521
2.80821
2.73029
2.65144
2.57169
2.49106
2.40955
2.3272
2.24401
2.16002
2.07523
1.98968
1.90339
1.81639
1.7287
1.64035
1.55136
1.46178
1.37162
1.28092
1.18972
1.09804
1.00593
0.913405
0.820514
0.72729
0.63377
0.539991
0.445991
0.351807
0.257479
0.163044
0.0685424
-0.0259878
-0.120507
-0.214977
-0.309358
-0.403611
-0.497699
-0.591582
-0.685224
-0.778585
-0.871631
-0.964323
-1.05663
-1.14851
-1.23993
-1.33085
-1.42126
-1.5111
-1.60036
-1.689
-1.777
-1.86431
-1.95093
-2.03681
-2.12194
-2.2063
-2.28985
-2.37258
-2.45447
-2.5355
-2.61565
-2.69491
-2.77325
-2.85066
-2.92714
-3.00266
-3.07722
-3.15081
-3.22341
-3.29503
-3.36565
-3.43527
-3.50388
-3.57148
-3.63807
-3.70364
-3.7682
-3.83174
-3.89427
-3.95578
-4.01628
-4.07578
-4.13427
-4.19176
-4.24826
-4.30377
-4.3583
-4.41186
-4.46445
-4.51608
-4.56676
-4.6165
-4.66531
-4.71319
-4.76017
-4.80624
-4.85142
-4.89572
-4.93915
-4.98173
-5.02345
-5.06435
-5.10442
-5.14368
-5.18214
-5.21982
-5.25673
-5.29287
-5.32826
-5.36292
-5.39685
-5.43008
-5.4626
-5.49443
-5.5256
-5.5561
-5.58594
-5.61516
-5.64374
-5.67171
-5.69908
-5.72586
-5.75206
-5.77769
-5.80277
-5.8273
-5.8513
-5.87478
-5.89774
-5.9202
-5.94217
-5.96367
-5.98469
-6.00525
-6.02536
-6.04503
-6.06427
-6.08309
-6.10149
-6.1195
-6.13711
-6.15433
-6.17118
-6.18765
-6.20377
-6.21954
-6.23496
-6.25004
-6.2648
-6.27924
-6.29336
-6.30718
-6.32069
-6.33391
-6.34685
-6.35951
-6.3719
-6.38402
-6.39588
-6.40748
-6.41884
-6.42996
-6.44084
-6.45148
-6.4619
-6.47211
-6.48209
-6.49187
-6.50144
-6.51081
-6.51999
-6.52897
-6.53777
-6.54639
-6.55483
-6.56309
-6.57119
-6.57912
-6.58689
-6.5945
-6.60196
-6.60926
-6.61642
-6.62344
-6.63032
-6.63706
-6.64367
-6.65015
-6.6565
-6.66272
-6.66883
-6.67482
-6.68069
-6.68645
-6.69209
-6.69764
-6.70307
-6.70841
-6.71364
-6.71877
-6.72381
-6.72876
-6.73361
-6.73838
-6.74306
-6.74765
-6.75217
-6.75659
-6.76095
-6.76522
-6.76942
-6.77354
-6.77759
-6.78157
-6.78548
-6.78933
-6.7931
-6.79682
-6.80047
-6.80406
-6.80759
-6.81106
-6.81447
-6.81782
-6.82112
-6.82437
-6.82756
-6.83071
-6.8338
-6.83684
-6.83983
-6.84278
-6.84568
-6.84853
-6.85134
-6.85411
-6.85683
-6.85951
-6.86215
-6.86475
-6.86731
-6.86983
-6.87232
-6.87476
-6.87717
-6.87955
-6.88189
-6.88419
-6.88646
-6.8887
-6.89091
-6.89308
-6.89522
-6.89734
-6.89942
-6.90147
-6.90349
-6.90548
-6.90745
-6.90938
-6.91129
-6.91317
-6.91503
-6.91686
-6.91866
-6.92044
-6.92219
-6.92392
-6.92562
-6.9273
-6.92896
-6.93059
-6.9322
-6.93379
-6.93535
-6.93689
-6.93841
-6.93991
-6.94138
-6.94284
-6.94427
-6.94568
-6.94707
-6.94844
-6.94979
-6.95112
-6.95243
-6.95372
-6.95499
-6.95625
-6.95748
-6.95869
-6.95988
-6.96106
-6.96222
-6.96335
-6.96447
-6.96557
-6.96665
-6.96772
-6.96876
-6.96979
-6.9708
-6.97179
-6.97276
-6.97372
-6.97466
-6.97558
-6.97648
-6.97737
-6.97824
-6.97909
-6.97992
-6.98074
-6.98154
-6.98232
-6.98308
-6.98383
-6.98456
-6.98527
-6.98597
-6.98665
-6.98731
-6.98796
-6.98858
-6.98919
-6.98979
-6.99037
-6.99093
-6.99147
-6.992
-6.99251
-6.993
-6.99348
-6.99394
-6.99438
-6.99481
-6.99521
-6.99561
-6.99598
-6.99634
-6.99668
-6.99701
-6.99732
-6.99761
-6.99788
-6.99814
-6.99838
-6.99861
-6.99882
-6.99901
-6.99918
-6.99934
-6.99948
-6.9996
-6.99971
-6.9998
-6.99987
-6.99993
-6.99997
-7
-7
-6.99999
-6.99996
-6.99992
-6.99986
-6.99978
-6.99969
-6.99958
-6.99945
-6.99931
-6.99915
-6.99897
-6.99877
-6.99856
-6.99833
-6.99809
-6.99783
-6.99755
-6.99725
-6.99694
-6.99661
-6.99627
-6.9959
-6.99553
-6.99513
-6.99472
-6.99429
-6.99384
-6.99338
-6.9929
-6.9924
-6.99189
-6.99136
-6.99081
-6.99025
-6.98966
-6.98907
-6.98845
-6.98782
-6.98717
-6.98651
-6.98582
-6.98512
-6.98441
-6.98367
-6.98292
-6.98215
-6.98137
-6.98057
-6.97975
-6.97891
-6.97805
-6.97718
-6.97629
-6.97539
-6.97446
-6.97352
-6.97256
-6.97158
-6.97059
-6.96957
-6.96854
-6.96749
-6.96643
-6.96534
-6.96424
-6.96311
-6.96197
-6.96081
-6.95963
-6.95844
-6.95722
-6.95598
-6.95473
-6.95345
-6.95216
-6.95084
-6.94951
-6.94815
-6.94678
-6.94538
-6.94397
-6.94253
-6.94107
-6.93959
-6.93809
-6.93657
-6.93502
-6.93345
-6.93186
-6.93025
-6.92861
-6.92695
-6.92527
-6.92356
-6.92182
-6.92007
-6.91828
-6.91647
-6.91464
-6.91278
-6.91089
-6.90898
-6.90703
-6.90506
-6.90306
-6.90104
-6.89898
-6.89689
-6.89477
-6.89262
-6.89044
-6.88823
-6.88599
-6.88371
-6.8814
-6.87905
-6.87667
-6.87425
-6.87179
-6.8693
-6.86677
-6.8642
-6.86159
-6.85895
-6.85626
-6.85352
-6.85075
-6.84793
-6.84507
-6.84216
-6.8392
-6.8362
-6.83315
-6.83004
-6.82689
-6.82369
-6.82043
-6.81712
-6.81375
-6.81033
-6.80684
-6.8033
-6.7997
-6.79604
-6.79231
-6.78852
-6.78466
-6.78073
-6.77674
-6.77267
-6.76853
-6.76432
-6.76003
-6.75566
-6.75122
-6.74669
-6.74208
-6.73738
-6.73259
-6.72772
-6.72275
-6.71769
-6.71254
-6.70728
-6.70193
-6.69647
-6.69091
-6.68524
-6.67945
-6.67356
-6.66755
-6.66142
-6.65516
-6.64879
-6.64228
-6.63564
-6.62887
-6.62197
-6.61492
-6.60773
-6.60039
-6.5929
-6.58526
-6.57745
-6.56949
-6.56136
-6.55305
-6.54458
-6.53592
-6.52709
-6.51806
-6.50884
-6.49943
-6.48982
-6.48
-6.46996
-6.45972
-6.44925
-6.43855
-6.42762
-6.41646
-6.40505
-6.39339
-6.38147
-6.3693
-6.35685
-6.34414
-6.33114
-6.31785
-6.30427
-6.29039
-6.27621
-6.2617
-6.24688
-6.23172
-6.21623
-6.20039
-6.18419
-6.16764
-6.15071
-6.13341
-6.11572
-6.09763
-6.07914
-6.06023
-6.0409
-6.02114
-6.00093
-5.98027
-5.95915
-5.93756
-5.91549
-5.89292
-5.86985
-5.84626
-5.82215
-5.7975
-5.77231
-5.74656
-5.72024
-5.69333
-5.66584
-5.63774
-5.60902
-5.57968
-5.54969
-5.51905
-5.48775
-5.45577
-5.4231
-5.38973
-5.35564
-5.32083
-5.28528
-5.24897
-5.21191
-5.17406
-5.13543
-5.096
-5.05576
-5.01469
-4.97278
-4.93002
-4.88641
-4.84192
-4.79656
-4.75029
-4.70313
-4.65505
-4.60604
-4.55611
-4.50522
-4.45339
-4.4006
-4.34684
-4.2921
-4.23638
-4.17967
-4.12196
-4.06326
-4.00355
-3.94283
-3.88111
-3.81836
-3.75461
-3.68984
-3.62405
-3.55725
-3.48943
-3.42061
-3.35078
-3.27994
-3.20812
-3.1353
-3.06151
-2.98674
-2.91102
-2.83434
-2.75673
-2.67819
-2.59875
-2.51841
-2.4372
-2.35513
-2.27222
-2.1885
-2.10398
-2.01868
-1.93264
-1.84588
-1.75841
-1.67028
-1.58151
-1.49212
-1.40215
-1.31164
-1.2206
-1.12908
-1.03711
-0.944721
-0.851951
-0.758836
-0.665412
-0.571716
-0.477786
-0.38366
-0.289376
-0.194973
-0.10049
-0.00596483
0.0885626
0.183053
0.277469
0.37177
0.465918
0.559874
0.653602
0.747062
0.840218
0.933034
1.02547
1.1175
1.20908
1.30018
1.39076
1.4808
1.57026
1.65911
1.74733
1.83488
1.92173
2.00786
2.09325
2.17787
2.2617
2.34471
2.42689
2.50821
2.58866
2.66822
2.74687
2.8246
2.90139
2.97724
3.05213
3.12605
3.19898
3.27094
3.34189
3.41185
3.4808
3.54874
3.61567
3.68159
3.74649
3.81037
3.87324
3.9351
3.99594
4.05578
4.11461
4.17244
4.22928
4.28512
4.33998
4.39387
4.44678
4.49874
4.54974
4.59979
4.64892
4.69711
4.74439
4.79077
4.83625
4.88084
4.92457
4.96743
5.00944
5.05062
5.09097
5.1305
5.16923
5.20717
5.24434
5.28074
5.31638
5.35129
5.38546
5.41893
5.45168
5.48375
5.51514
5.54586
5.57593
5.60535
5.63415
5.66233
5.6899
5.71688
5.74327
5.76909
5.79436
5.81907
5.84325
5.8669
5.89004
5.91267
5.9348
5.95646
5.97763
5.99835
6.01861
6.03843
6.05782
6.07677
6.09532
6.11346
6.1312
6.14855
6.16552
6.18212
6.19836
6.21425
6.22978
6.24498
6.25985
6.27439
6.28862
6.30254
6.31616
6.32948
6.34251
6.35526
6.36774
6.37995
6.3919
6.40359
6.41503
6.42623
6.43718
6.44791
6.45841
6.46868
6.47874
6.48859
6.49823
6.50767
6.51691
6.52596
6.53482
6.5435
6.55199
6.56032
6.56847
6.57646
6.58428
6.59194
6.59945
6.60681
6.61402
6.62109
6.62801
6.6348
6.64145
6.64797
6.65436
6.66063
6.66678
6.67281
6.67872
6.68451
6.6902
6.69577
6.70125
6.70661
6.71188
6.71705
6.72212
6.7271
6.73198
6.73678
6.74149
6.74611
6.75065
6.75511
6.75948
6.76378
6.76801
6.77215
6.77623
6.78023
6.78417
6.78804
6.79184
6.79557
6.79924
6.80285
6.8064
6.80989
6.81332
6.8167
6.82001
6.82328
6.82649
6.82965
6.83276
6.83582
6.83882
6.84179
6.8447
6.84757
6.8504
6.85318
6.85591
6.85861
6.86126
6.86388
6.86645
6.86898
6.87148
6.87394
6.87636
6.87875
6.8811
6.88342
6.8857
6.88795
6.89017
6.89235
6.8945
6.89663
6.89872
6.90078
6.90281
6.90481
6.90679
6.90873
6.91065
6.91254
6.91441
6.91624
6.91806
6.91984
6.9216
6.92334
6.92505
6.92674
6.9284
6.93004
6.93166
6.93325
6.93482
6.93637
6.9379
6.9394
6.94089
6.94235
6.94379
6.94521
6.9466
6.94798
6.94934
6.95068
6.95199
6.95329
6.95457
6.95583
6.95706
6.95828
6.95948
6.96066
6.96183
6.96297
6.9641
6.9652
6.96629
6.96736
6.96841
6.96944
6.97046
6.97146
6.97244
6.9734
6.97434
6.97527
6.97618
6.97707
6.97795
6.9788
6.97964
6.98046
6.98127
6.98206
6.98283
6.98358
6.98431
6.98503
6.98574
6.98642
6.98709
6.98774
6.98837
6.98899
6.98959
6.99017
6.99074
6.99129
6.99182
6.99234
6.99284
6.99332
6.99378
6.99423
6.99466
6.99508
6.99548
6.99586
6.99622
6.99657
6.9969
6.99721
6.99751
6.99779
6.99806
6.9983
6.99853
6.99875
6.99894
6.99912
6.99929
6.99943
6.99956
6.99968
6.99977
6.99985
6.99991
6.99996
6.99999
7
7
6.99998
6.99994
6.99988
6.99981
6.99972
6.99962
6.9995
6.99936
6.9992
6.99903
6.99884
6.99864
6.99841
6.99817
6.99792
6.99764
6.99736
6.99705
6.99673
6.99639
6.99603
6.99566
6.99527
6.99486
6.99443
6.99399
6.99354
6.99306
6.99257
6.99206
6.99154
6.991
6.99044
6.98986
6.98927
6.98866
6.98804
6.98739
6.98673
6.98606
6.98536
6.98465
6.98392
6.98318
6.98241
6.98164
6.98084
6.98002
6.97919
6.97834
6.97748
6.9766
6.97569
6.97478
6.97384
6.97289
6.97191
6.97093
6.96992
6.96889
6.96785
6.96679
6.96571
6.96461
6.96349
6.96236
6.96121
6.96003
6.95884
6.95763
6.9564
6.95515
6.95389
6.9526
6.95129
6.94996
6.94861
6.94725
6.94586
6.94445
6.94302
6.94157
6.94009
6.9386
6.93708
6.93554
6.93398
6.9324
6.93079
6.92917
6.92751
6.92584
6.92414
6.92241
6.92066
6.91889
6.91709
6.91526
6.91341
6.91153
6.90963
6.90769
6.90573
6.90374
6.90172
6.89968
6.8976
6.89549
6.89335
6.89118
6.88898
6.88675
6.88448
6.88218
6.87985
6.87748
6.87507
6.87263
6.87015
6.86763
6.86508
6.86248
6.85985
6.85717
6.85445
6.85169
6.84889
6.84604
6.84315
6.84021
6.83722
6.83418
6.8311
6.82796
6.82478
6.82154
6.81824
6.81489
6.81149
6.80803
6.80451
6.80093
6.79728
6.79358
6.78981
6.78597
6.78207
6.7781
6.77405
6.76994
6.76575
6.76149
6.75715
6.75273
6.74823
6.74364
6.73898
6.73422
6.72938
6.72444
6.71941
6.71429
6.70907
6.70375
6.69833
6.6928
6.68717
6.68142
6.67556
6.66959
6.6635
6.65729
6.65095
6.64449
6.6379
6.63118
6.62432
6.61732
6.61018
6.60289
6.59545
6.58786
6.58011
6.5722
6.56412
6.55588
6.54746
6.53887
6.53009
6.52113
6.51198
6.50263
6.49309
6.48334
6.47338
6.4632
6.45281
6.44219
6.43134
6.42026
6.40893
6.39736
6.38553
6.37344
6.36109
6.34847
6.33556
6.32238
6.3089
6.29512
6.28104
6.26664
6.25192
6.23688
6.2215
6.20578
6.18971
6.17328
6.15648
6.1393
6.12174
6.10379
6.08543
6.06667
6.04748
6.02787
6.00781
5.98731
5.96635
5.94491
5.923
5.9006
5.8777
5.85429
5.83036
5.8059
5.78089
5.75533
5.7292
5.70249
5.6752
5.64731
5.6188
5.58967
5.5599
5.52948
5.4984
5.46665
5.43422
5.40109
5.36724
5.33268
5.29738
5.26133
5.22452
5.18694
5.14858
5.10942
5.06945
5.02866
4.98704
4.94457
4.90125
4.85706
4.81199
4.76603
4.71917
4.6714
4.62271
4.57309
4.52253
4.47102
4.41855
4.36512
4.31071
4.25532
4.19895
4.14158
4.08321
4.02385
3.96347
3.90208
3.83969
3.77627
3.71184
3.6464
3.57994
3.51247
3.44398
3.37449
3.304
3.23251
3.16003
3.08656
3.01212
2.93672
2.86037
2.78307
2.70484
2.6257
2.54567
2.46475
2.38296
2.30034
2.21689
2.13263
2.0476
1.96181
1.87528
1.78805
1.70014
1.61158
1.5224
1.43263
1.34229
1.25143
1.16007
1.06824
0.975993
0.883348
0.790346
0.697022
0.603414
0.509559
0.415495
0.32126
0.226893
0.132432
0.0379172
-0.0566138
-0.151121
-0.245567
-0.339911
-0.434115
-0.52814
-0.621949
-0.715504
-0.808767
-0.901702
-0.994272
-1.08644
-1.17818
-1.26944
-1.3602
-1.45043
-1.54009
-1.62915
-1.71758
-1.80536
-1.89245
-1.97883
-2.06448
-2.14936
-2.23346
-2.31675
-2.39921
-2.48082
-2.56157
-2.64143
-2.72039
-2.79843
-2.87554
-2.95171
-3.02692
-3.10117
-3.17444
-3.24673
-3.31802
-3.38832
-3.45761
-3.52589
-3.59316
-3.65942
-3.72467
-3.78889
-3.85211
-3.91431
-3.97549
-4.03567
-4.09484
-4.15301
-4.21018
-4.26635
-4.32155
-4.37576
-4.429
-4.48128
-4.5326
-4.58298
-4.63242
-4.68092
-4.72851
-4.77519
-4.82097
-4.86587
-4.90989
-4.95304
-4.99534
-5.03679
-5.07742
-5.11723
-5.15623
-5.19444
-5.23186
-5.26852
-5.30442
-5.33957
-5.37399
-5.40769
-5.44069
-5.47299
-5.5046
-5.53555
-5.56584
-5.59548
-5.62449
-5.65287
-5.68065
-5.70782
-5.73441
-5.76043
-5.78588
-5.81078
-5.83514
-5.85896
-5.88227
-5.90507
-5.92737
-5.94919
-5.97053
-5.9914
-6.01181
-6.03178
-6.05131
-6.07041
-6.0891
-6.10737
-6.12525
-6.14273
-6.15983
-6.17655
-6.19291
-6.20892
-6.22457
-6.23988
-6.25486
-6.26951
-6.28385
-6.29787
-6.31159
-6.32501
-6.33814
-6.35098
-6.36355
-6.37585
-6.38789
-6.39967
-6.41119
-6.42247
-6.43351
-6.44431
-6.45488
-6.46523
-6.47537
-6.48528
-6.49499
-6.5045
-6.51381
-6.52292
-6.53184
-6.54058
-6.54914
-6.55752
-6.56573
-6.57378
-6.58165
-6.58937
-6.59693
-6.60434
-6.6116
-6.61871
-6.62569
-6.63252
-6.63922
-6.64578
-6.65222
-6.65853
-6.66471
-6.67078
-6.67673
-6.68257
-6.68829
-6.6939
-6.69941
-6.70481
-6.71011
-6.71531
-6.72042
-6.72543
-6.73034
-6.73517
-6.73991
-6.74456
-6.74912
-6.75361
-6.75801
-6.76234
-6.76659
-6.77076
-6.77486
-6.77889
-6.78285
-6.78674
-6.79056
-6.79432
-6.79801
-6.80164
-6.80521
-6.80872
-6.81217
-6.81556
-6.8189
-6.82218
-6.82541
-6.82859
-6.83171
-6.83479
-6.83781
-6.84079
-6.84372
-6.84661
-6.84945
-6.85224
-6.85499
-6.8577
-6.86037
-6.863
-6.86558
-6.86813
-6.87064
-6.87311
-6.87555
-6.87795
-6.88031
-6.88264
-6.88493
-6.88719
-6.88942
-6.89162
-6.89378
-6.89591
-6.89801
-6.90008
-6.90213
-6.90414
-6.90612
-6.90808
-6.91
-6.91191
-6.91378
-6.91563
-6.91745
-6.91924
-6.92101
-6.92276
-6.92447
-6.92617
-6.92784
-6.92949
-6.93111
-6.93272
-6.93429
-6.93585
-6.93738
-6.9389
-6.94039
-6.94185
-6.9433
-6.94473
-6.94613
-6.94752
-6.94888
-6.95023
-6.95155
-6.95285
-6.95414
-6.9554
-6.95665
-6.95787
-6.95908
-6.96027
-6.96144
-6.96259
-6.96372
-6.96483
-6.96592
-6.967
-6.96806
-6.9691
-6.97012
-6.97112
-6.97211
-6.97308
-6.97403
-6.97496
-6.97587
-6.97677
-6.97765
-6.97851
-6.97936
-6.98019
-6.981
-6.98179
-6.98257
-6.98333
-6.98407
-6.98479
-6.9855
-6.98619
-6.98686
-6.98752
-6.98816
-6.98878
-6.98939
-6.98998
-6.99055
-6.99111
-6.99164
-6.99216
-6.99267
-6.99316
-6.99363
-6.99408
-6.99452
-6.99494
-6.99534
-6.99573
-6.9961
-6.99645
-6.99679
-6.99711
-6.99741
-6.9977
-6.99797
-6.99822
-6.99846
-6.99868
-6.99888
-6.99907
-6.99923
-6.99939
-6.99952
-6.99964
-6.99974
-6.99983
-6.9999
-6.99995
-6.99998
-7
-7
-6.99998
-6.99995
-6.9999
-6.99984
-6.99975
-6.99966
-6.99954
-6.99941
-6.99926
-6.99909
-6.99891
-6.99871
-6.99849
-6.99826
-6.99801
-6.99774
-6.99745
-6.99715
-6.99684
-6.9965
-6.99615
-6.99578
-6.9954
-6.995
-6.99458
-6.99414
-6.99369
-6.99322
-6.99274
-6.99224
-6.99172
-6.99118
-6.99063
-6.99006
-6.98947
-6.98887
-6.98825
-6.98761
-6.98696
-6.98629
-6.9856
-6.98489
-6.98417
-6.98343
-6.98267
-6.9819
-6.98111
-6.9803
-6.97948
-6.97863
-6.97777
-6.9769
-6.976
-6.97509
-6.97416
-6.97321
-6.97225
-6.97126
-6.97026
-6.96924
-6.9682
-6.96715
-6.96608
-6.96498
-6.96387
-6.96275
-6.9616
-6.96043
-6.95925
-6.95804
-6.95682
-6.95558
-6.95432
-6.95303
-6.95173
-6.95041
-6.94907
-6.94771
-6.94633
-6.94493
-6.9435
-6.94206
-6.94059
-6.93911
-6.9376
-6.93607
-6.93451
-6.93294
-6.93134
-6.92972
-6.92807
-6.92641
-6.92471
-6.923
