7
6.99832
6.99496
6.98992
6.98318
6.97472
6.9645
6.95243
6.93836
6.9221
6.90334
6.88168
6.85654
6.82718
6.79261
6.75152
6.70223
6.64258
6.56976
6.48022
6.36944
6.23171
6.05997
5.84559
5.57835
5.24665
4.83811
4.34087
3.74567
3.0487
2.25475
1.37955
0.450192
-0.497629
-1.42507
-2.29674
-3.0861
-3.77799
-4.36811
-4.86065
-5.26504
-5.59321
-5.85752
-6.06953
-6.23938
-6.37559
-6.48519
-6.57378
-6.64586
-6.70494
-6.75376
-6.79449
-6.82877
-6.8579
-6.88284
-6.90435
-6.92297
-6.93912
-6.95308
-6.96506
-6.97519
-6.98356
-6.99021
-6.99517
-6.99844
-7.00004
-6.99996
-6.99819
-6.99475
-6.98962
-6.9828
-6.97425
-6.96394
-6.95177
-6.9376
-6.92122
-6.90233
-6.8805
-6.85517
-6.82558
-6.79071
-6.74926
-6.6995
-6.63926
-6.5657
-6.47521
-6.36322
-6.22396
-6.0503
-5.83352
-5.56333
-5.22807
-4.81534
-4.31337
-3.71309
-3.01106
-2.21255
-1.3339
-0.402707
0.545013
1.47044
2.33852
3.12325
3.81004
4.39512
4.88297
5.28323
5.60791
5.86933
6.07899
6.24695
6.38168
6.4901
6.57777
6.64911
6.70761
6.75599
6.79635
6.83035
6.85924
6.884
6.90535
6.92384
6.93987
6.95373
6.96561
6.97565
6.98393
6.9905
6.99537
6.99856
7.00008
6.99991
6.99806
6.99453
6.98932
6.98241
6.97378
6.96337
6.95111
6.93683
6.92033
6.9013
6.87932
6.8538
6.82396
6.7888
6.74697
6.69675
6.63591
6.56159
6.47014
6.35693
6.21613
6.04052
5.82132
5.54815
5.20929
4.79235
4.28562
3.68026
2.97317
2.17015
1.28811
0.355181
-0.592341
-1.51566
-2.38009
-3.16015
-3.84185
-4.42187
-4.90506
-5.30124
-5.62244
-5.881
-6.08834
-6.25445
-6.3877
-6.49495
-6.58171
-6.65233
-6.71026
-6.75819
-6.7982
-6.83191
-6.86058
-6.88515
-6.90634
-6.9247
-6.94061
-6.95437
-6.96616
-6.97611
-6.9843
-6.99078
-6.99557
-6.99868
-7.00011
-6.99985
-6.99792
-6.99431
-6.98901
-6.98202
-6.9733
-6.9628
-6.95044
-6.93606
-6.91944
-6.90027
-6.87813
-6.85241
-6.82234
-6.78687
-6.74467
-6.69397
-6.63253
-6.55744
-6.46502
-6.35057
-6.20821
-6.03063
-5.80898
-5.5328
-5.19032
-4.76913
-4.25763
-3.64716
-2.93503
-2.12754
-1.24219
-0.307617
0.639607
1.56074
2.42144
3.1968
3.87339
4.44838
4.92694
5.31905
5.63682
5.89255
6.09759
6.26186
6.39366
6.49976
6.58561
6.65552
6.71289
6.76037
6.80003
6.83346
6.8619
6.88629
6.90733
6.92555
6.94135
6.95501
6.9667
6.97656
6.98467
6.99106
6.99577
6.99879
7.00013
6.9998
6.99778
6.99408
6.9887
6.98162
6.97282
6.96223
6.94977
6.93528
6.91854
6.89924
6.87693
6.85101
6.82069
6.78492
6.74234
6.69116
6.62911
6.55325
6.45984
6.34414
6.20019
6.02063
5.7965
5.51728
5.17115
4.74569
4.22938
3.61381
2.89665
2.08474
1.19615
0.260021
-0.686806
-1.60566
-2.46258
-3.2332
-3.90467
-4.47465
-4.9486
-5.33668
-5.65105
-5.90396
-6.10674
-6.26919
-6.39955
-6.50451
-6.58946
-6.65867
-6.71549
-6.76253
-6.80185
-6.835
-6.86322
-6.88742
-6.9083
-6.9264
-6.94209
-6.95564
-6.96724
-6.97701
-6.98503
-6.99134
-6.99596
-6.9989
-7.00016
-6.99974
-6.99763
-6.99385
-6.98838
-6.98122
-6.97233
-6.96165
-6.94909
-6.93449
-6.91763
-6.89819
-6.87572
-6.8496
-6.81904
-6.78296
-6.73999
-6.68833
-6.62565
-6.54901
-6.4546
-6.33764
-6.19209
-6.01052
-5.78389
-5.5016
-5.15177
-4.72201
-4.20088
-3.5802
-2.85803
-2.04174
-1.14998
-0.212397
0.733933
1.65042
2.50349
3.26935
3.9357
4.50067
4.97004
5.35412
5.66511
5.91526
6.11578
6.27644
6.40537
6.50922
6.59328
6.6618
6.71807
6.76468
6.80365
6.83653
6.86452
6.88854
6.90928
6.92724
6.94282
6.95627
6.96777
6.97746
6.98539
6.99161
6.99615
6.999
7.00018
6.99967
6.99748
6.99362
6.98807
6.98081
6.97183
6.96106
6.9484
6.9337
6.91672
6.89714
6.8745
6.84818
6.81737
6.78098
6.73762
6.68546
6.62217
6.54473
6.44931
6.33107
6.1839
6.00029
5.77113
5.48574
5.1322
4.6981
4.17213
3.54634
2.81917
1.99854
1.1037
0.164751
-0.780984
-1.69502
-2.54419
-3.30524
-3.96647
-4.52645
-4.99127
-5.37138
-5.67903
-5.92642
-6.12473
-6.28361
-6.41114
-6.51387
-6.59707
-6.66489
-6.72062
-6.7668
-6.80543
-6.83804
-6.86582
-6.88966
-6.91024
-6.92808
-6.94354
-6.95689
-6.9683
-6.9779
-6.98574
-6.99188
-6.99633
-6.9991
-7.00019
-6.9996
-6.99733
-6.99338
-6.98774
-6.98041
-6.97134
-6.96047
-6.94772
-6.93291
-6.91581
-6.89608
-6.87327
-6.84675
-6.81568
-6.77898
-6.73523
-6.68257
-6.61864
-6.5404
-6.44396
-6.32442
-6.17562
-5.98995
-5.75823
-5.46972
-5.11242
-4.67396
-4.14313
-3.51221
-2.78008
-1.95516
-1.05731
-0.117088
0.827954
1.73946
2.58466
3.34088
3.99698
4.55199
5.01228
5.38846
5.69279
5.93747
6.13358
6.29071
6.41684
6.51847
6.60081
6.66795
6.72315
6.76891
6.8072
6.83954
6.8671
6.89076
6.9112
6.92891
6.94426
6.95751
6.96883
6.97833
6.98609
6.99215
6.99651
6.9992
7.0002
6.99953
6.99717
6.99314
6.98741
6.97999
6.97083
6.95988
6.94702
6.9321
6.91488
6.89501
6.87203
6.8453
6.81398
6.77697
6.73281
6.67965
6.61508
6.53603
6.43856
6.31771
6.16724
5.9795
5.7452
5.45352
5.09244
4.64959
4.11387
3.47783
2.74074
1.91159
1.0108
0.0694119
-0.874838
-1.78372
-2.6249
-3.37627
-4.02724
-4.57729
-5.03308
-5.40535
-5.70641
-5.94839
-6.14232
-6.29772
-6.42248
-6.52303
-6.60451
-6.67099
-6.72565
-6.771
-6.80896
-6.84103
-6.86838
-6.89186
-6.91215
-6.92974
-6.94498
-6.95812
-6.96935
-6.97876
-6.98644
-6.9924
-6.99669
-6.99929
-7.00021
-6.99945
-6.99701
-6.99289
-6.98708
-6.97957
-6.97033
-6.95928
-6.94632
-6.9313
-6.91395
-6.89394
-6.87078
-6.84385
-6.81227
-6.77493
-6.73037
-6.6767
-6.61149
-6.53161
-6.43309
-6.31091
-6.15878
-5.96892
-5.73201
-5.43714
-5.07225
-4.62498
-4.08436
-3.44319
-2.70117
-1.86784
-0.964194
-0.0217288
0.921632
1.82781
2.66491
3.4114
4.05724
4.60235
5.05367
5.42206
5.71987
5.95919
6.15097
6.30466
6.42806
6.52754
6.60818
6.67399
6.72813
6.77306
6.8107
6.84251
6.86964
6.89295
6.91309
6.93055
6.94568
6.95873
6.96986
6.97919
6.98678
6.99266
6.99686
6.99937
7.00021
6.99937
6.99684
6.99264
6.98675
6.97915
6.96982
6.95868
6.94562
6.93048
6.91301
6.89285
6.86953
6.84238
6.81054
6.77288
6.72791
6.67373
6.60786
6.52714
6.42757
6.30404
6.15021
5.95823
5.71868
5.42059
5.05185
4.60014
4.05459
3.40829
2.66137
1.82391
0.917487
-0.0259566
-0.96833
-1.87173
-2.70469
-3.44627
-4.08698
-4.62717
-5.07405
-5.4386
-5.73319
-5.96987
-6.15953
-6.31152
-6.43358
-6.532
-6.61181
-6.67697
-6.73059
-6.77511
-6.81242
-6.84398
-6.8709
-6.89403
-6.91403
-6.93137
-6.94639
-6.95933
-6.97037
-6.97961
-6.98711
-6.99291
-6.99702
-6.99946
-7.00021
-6.99928
-6.99667
-6.99238
-6.98641
-6.97872
-6.9693
-6.95807
-6.94491
-6.92966
-6.91207
-6.89176
-6.86826
-6.8409
-6.8088
-6.77081
-6.72543
-6.67072
-6.60419
-6.52263
-6.42198
-6.2971
-6.14155
-5.94742
-5.7052
-5.40386
-5.03124
-4.57506
-4.02457
-3.37314
-2.62134
-1.7798
-0.870685
0.0736393
1.01493
1.91546
2.74424
3.48089
4.11647
4.65176
5.09422
5.45496
5.74636
5.98043
6.16799
6.3183
6.43904
6.53642
6.6154
6.67991
6.73303
6.77715
6.81413
6.84543
6.87214
6.89511
6.91496
6.93218
6.94709
6.95993
6.97088
6.98003
6.98744
6.99316
6.99719
6.99953
7.0002
6.99919
6.9965
6.99212
6.98606
6.97829
6.96878
6.95745
6.9442
6.92884
6.91111
6.89066
6.86699
6.83941
6.80705
6.76872
6.72292
6.66768
6.60048
6.51807
6.41634
6.29008
6.1328
5.93649
5.69158
5.38695
5.01042
4.54973
3.99429
3.33773
2.58108
1.73552
0.823793
-0.121314
-1.06142
-1.95902
-2.78355
-3.51525
-4.14571
-4.67611
-5.11418
-5.47115
-5.75938
-5.99087
-6.17636
-6.32502
-6.44444
-6.54079
-6.61896
-6.68283
-6.73544
-6.77916
-6.81583
-6.84687
-6.87338
-6.89617
-6.91589
-6.93298
-6.94778
-6.96053
-6.97138
-6.98044
-6.98777
-6.9934
-6.99734
-6.99961
-7.00019
-6.99909
-6.99632
-6.99186
-6.98571
-6.97786
-6.96826
-6.95683
-6.94348
-6.92801
-6.91016
-6.88956
-6.8657
-6.83791
-6.80527
-6.76662
-6.72039
-6.66462
-6.59673
-6.51346
-6.41063
-6.28298
-6.12394
-5.92544
-5.6778
-5.36986
-4.98939
-4.52417
-3.96375
-3.30207
-2.54059
-1.69107
-0.776816
0.168976
1.10781
2.00238
2.82263
3.54935
4.17469
4.70023
5.13394
5.48716
5.77227
6.0012
6.18463
6.33165
6.44978
6.54511
6.62248
6.68572
6.73783
6.78116
6.81751
6.84831
6.87461
6.89723
6.9168
6.93377
6.94847
6.96112
6.97188
6.98085
6.98809
6.99364
6.9975
6.99968
7.00018
6.99899
6.99613
6.99159
6.98536
6.97742
6.96773
6.95621
6.94275
6.92717
6.90919
6.88844
6.86441
6.83639
6.80349
6.76449
6.71784
6.66152
6.59295
6.5088
6.40486
6.2758
6.11499
5.91426
5.66387
5.35259
4.96815
4.49837
3.93296
3.26616
2.49988
1.64646
0.729758
-0.21662
-1.15408
-2.04556
-2.86147
-3.58319
-4.20342
-4.72412
-5.1535
-5.503
-5.78501
-6.01142
-6.19282
-6.33822
-6.45507
-6.54939
-6.62596
-6.68858
-6.7402
-6.78314
-6.81918
-6.84973
-6.87582
-6.89829
-6.91772
-6.93456
-6.94915
-6.9617
-6.97237
-6.98126
-6.98841
-6.99387
-6.99765
-6.99974
-7.00016
-6.99889
-6.99594
-6.99132
-6.985
-6.97697
-6.96719
-6.95558
-6.94202
-6.92633
-6.90822
