0
0.0070007
0.0140014
0.021002
0.0280026
0.0350032
0.0420036
0.049004
0.0560042
0.0630043
0.0700042
0.077004
0.0840036
0.091003
0.0980022
0.105001
0.112
0.118998
0.125996
0.132994
0.139992
0.146989
0.153986
0.160982
0.167978
0.174974
0.181969
0.188964
0.195958
0.202952
0.209946
0.216939
0.223931
0.230923
0.237914
0.244905
0.251895
0.258884
0.265873
0.272862
0.279849
0.286836
0.293822
0.300808
0.307793
0.314777
0.32176
0.328743
0.335724
0.342705
0.349685
0.356665
0.363643
0.370621
0.377597
0.384573
0.391548
0.398522
0.405495
0.412466
0.419437
0.426407
0.433376
0.440344
0.44731
0.454276
0.461241
0.468204
0.475166
0.482127
0.489087
0.496046
0.503003
0.509959
0.516914
0.523868
0.53082
0.537771
0.544721
0.551669
0.558616
0.565562
0.572506
0.579448
0.58639
0.593329
0.600267
0.607204
0.614139
0.621073
0.628005
0.634935
0.641864
0.648791
0.655716
0.662639
0.669561
0.676481
0.6834
0.690316
0.697231
0.704143
0.711054
0.717963
0.72487
0.731775
0.738678
0.745579
0.752478
0.759375
0.766269
0.773162
0.780052
0.78694
0.793826
0.800709
0.80759
0.814469
0.821346
0.82822
0.835091
0.84196
0.848826
0.85569
0.862552
0.86941
0.876266
0.883119
0.889969
0.896817
0.903662
0.910503
0.917342
0.924178
0.93101
0.93784
0.944666
0.951489
0.958309
0.965125
0.971939
0.978748
0.985554
0.992357
0.999156
1.00595
1.01274
1.01953
1.02631
1.03309
1.03987
1.04664
1.05341
1.06017
1.06693
1.07369
1.08044
1.08718
1.09392
1.10066
1.10739
1.11412
1.12084
1.12755
1.13427
1.14097
1.14767
1.15437
1.16106
1.16774
1.17442
1.18109
1.18776
1.19441
1.20107
1.20772
1.21436
1.22099
1.22762
1.23424
1.24085
1.24745
1.25405
1.26064
1.26723
1.2738
1.28037
1.28693
1.29348
1.30002
1.30655
1.31308
1.31959
1.3261
1.33259
1.33908
1.34556
1.35202
1.35848
1.36492
1.37136
1.37778
1.3842
1.3906
1.39699
1.40336
1.40973
1.41608
1.42242
1.42875
1.43506
1.44136
1.44765
1.45392
1.46017
1.46642
1.47264
1.47885
1.48505
1.49123
1.49739
1.50353
1.50966
1.51577
1.52186
1.52793
1.53398
1.54002
1.54603
1.55203
1.558
1.56395
1.56988
1.57579
1.58167
1.58753
1.59337
1.59918
1.60497
1.61073
1.61647
1.62218
1.62786
1.63352
1.63915
1.64474
1.65031
1.65585
1.66136
1.66683
1.67228
1.67769
1.68307
1.68841
1.69372
1.69899
1.70422
1.70942
1.71458
1.7197
1.72478
1.72982
1.73482
1.73978
1.74469
1.74956
1.75438
1.75916
1.76389
1.76858
1.77322
1.7778
1.78234
1.78682
1.79126
1.79564
1.79996
1.80423
1.80845
1.81261
1.81671
1.82075
1.82473
1.82864
1.8325
1.8363
1.84002
1.84369
1.84729
1.85082
1.85428
1.85767
1.861
1.86425
1.86743
1.87054
1.87357
1.87653
1.87941
1.88221
1.88494
1.88759
1.89015
1.89264
1.89504
1.89737
1.89961
1.90176
1.90383
1.90582
1.90772
1.90953
1.91125
1.91289
1.91443
1.91589
1.91726
1.91853
1.91972
1.92081
1.92181
1.92272
1.92354
1.92426
1.92489
1.92542
1.92586
1.92621
1.92646
1.92662
1.92668
1.92665
1.92652
1.9263
1.92599
1.92558
1.92508
1.92448
1.92379
1.92301
1.92213
1.92116
1.9201
1.91894
1.9177
1.91636
1.91494
1.91342
1.91182
1.91012
1.90834
1.90647
1.90451
1.90247
1.90034
1.89813
1.89584
1.89346
1.891
1.88846
1.88584
1.88314
1.88036
1.87751
1.87458
1.87157
1.86849
1.86533
1.86211
1.85881
1.85544
1.852
1.84849
1.84491
1.84127
1.83756
1.83379
1.82996
1.82606
1.8221
1.81808
1.814
1.80986
1.80566
1.80141
1.79711
1.79274
1.78833
1.78386
1.77934
1.77477
1.77015
1.76548
1.76077
1.756
1.75119
1.74634
1.74144
1.7365
1.73151
1.72649
1.72142
1.71631
1.71117
1.70598
1.70076
1.6955
1.69021
1.68487
1.67951
1.67411
1.66868
1.66321
1.65772
1.65219
1.64663
1.64104
1.63542
1.62978
1.6241
1.6184
1.61268
1.60692
1.60114
1.59534
1.58951
1.58365
1.57778
1.57188
1.56596
1.56001
1.55405
1.54806
1.54205
1.53603
1.52998
1.52391
1.51783
1.51173
1.5056
1.49947
1.49331
1.48714
1.48095
1.47474
1.46852
1.46229
1.45603
1.44977
1.44349
1.43719
1.43088
1.42456
1.41823
1.41188
1.40552
1.39914
1.39276
1.38636
1.37995
1.37353
1.3671
1.36066
1.35421
1.34774
1.34127
1.33479
1.32829
1.32179
1.31528
1.30876
1.30223
1.29569
1.28914
1.28259
1.27602
1.26945
1.26287
1.25628
1.24969
1.24308
1.23647
1.22985
1.22323
1.2166
1.20996
1.20332
1.19666
1.19001
1.18334
1.17667
1.17
1.16332
1.15663
1.14994
1.14324
1.13653
1.12982
1.12311
1.11639
1.10966
1.10293
1.0962
1.08946
1.08272
1.07597
1.06921
1.06246
1.0557
1.04893
1.04216
1.03538
1.02861
1.02182
1.01504
1.00825
1.00145
0.994655
0.987854
0.981049
0.974241
0.967429
0.960613
0.953795
0.946973
0.940147
0.933319
0.926487
0.919653
0.912815
0.905974
0.899131
0.892284
0.885435
0.878583
0.871728
0.86487
0.85801
0.851147
0.844281
0.837413
0.830542
0.823669
0.816794
0.809916
0.803035
0.796153
0.789268
0.78238
0.775491
0.768599
0.761705
0.754809
0.747911
0.741011
0.734109
0.727204
0.720298
0.71339
0.70648
0.699567
0.692653
0.685738
0.67882
0.671901
0.664979
0.658056
0.651132
0.644205
0.637277
0.630347
0.623416
0.616483
0.609548
0.602612
0.595675
0.588735
0.581795
0.574853
0.567909
0.560964
0.554017
0.54707
0.54012
0.53317
0.526218
0.519265
0.51231
0.505355
0.498398
0.491439
0.48448
0.477519
0.470557
0.463594
0.45663
0.449665
0.442699
0.435731
0.428763
0.421793
0.414823
0.407851
0.400879
0.393905
0.386931
0.379955
0.372979
0.366002
0.359024
0.352045
0.345065
0.338084
0.331103
0.32412
0.317137
0.310153
0.303169
0.296184
0.289198
0.282211
0.275224
0.268235
0.261247
0.254257
0.247268
0.240277
0.233286
0.226294
0.219302
0.212309
0.205316
0.198322
0.191328
0.184333
0.177338
0.170343
0.163347
0.156351
0.149354
0.142357
0.135359
0.128362
0.121364
0.114365
0.107367
0.100368
0.0933688
0.0863695
0.0793699
0.0723702
0.0653703
0.0583703
0.0513701
0.0443698
0.0373694
0.0303689
0.0233683
0.0163677
0.00936698
0.00236629
-0.00463441
-0.0116351
-0.0186358
-0.0256364
-0.0326369
-0.0396374
-0.0466378
-0.0536381
-0.0606382
-0.0676382
-0.0746381
-0.0816377
-0.0886372
-0.0956364
-0.102635
-0.109634
-0.116633
-0.123631
-0.130629
-0.137627
-0.144624
-0.151621
-0.158617
-0.165614
-0.172609
-0.179605
-0.1866
-0.193594
-0.200588
-0.207582
-0.214575
-0.221567
-0.22856
-0.235551
-0.242542
-0.249532
-0.256522
-0.263511
-0.2705
-0.277487
-0.284475
-0.291461
-0.298447
-0.305432
-0.312416
-0.3194
-0.326383
-0.333365
-0.340346
-0.347326
-0.354306
-0.361284
-0.368262
-0.375239
-0.382215
-0.38919
-0.396165
-0.403138
-0.41011
-0.417081
-0.424051
-0.431021
-0.437989
-0.444956
-0.451922
-0.458887
-0.46585
-0.472813
-0.479774
-0.486735
-0.493694
-0.500652
-0.507608
-0.514564
-0.521518
-0.52847
-0.535422
-0.542372
-0.549321
-0.556268
-0.563214
-0.570159
-0.577102
-0.584044
-0.590984
-0.597922
-0.60486
-0.611795
-0.618729
-0.625662
-0.632593
-0.639522
-0.646449
-0.653375
-0.660299
-0.667222
-0.674143
-0.681061
-0.687978
-0.694894
-0.701807
-0.708719
-0.715628
-0.722536
-0.729441
-0.736345
-0.743247
-0.750146
-0.757044
-0.763939
-0.770832
-0.777723
-0.784612
-0.791498
-0.798383
-0.805265
-0.812144
-0.819022
-0.825896
-0.832769
-0.839639
-0.846506
-0.853371
-0.860233
-0.867092
-0.873949
-0.880803
-0.887654
-0.894503
-0.901348
-0.908191
-0.915031
-0.921867
-0.928701
-0.935532
-0.942359
-0.949183
-0.956004
-0.962822
-0.969636
-0.976447
-0.983254
-0.990058
-0.996858
-1.00365
-1.01045
-1.01724
-1.02402
-1.0308
-1.03758
-1.04435
-1.05112
-1.05789
-1.06465
-1.0714
-1.07815
-1.0849
-1.09164
-1.09838
-1.10512
-1.11184
-1.11857
-1.12528
-1.132
-1.13871
-1.14541
-1.1521
-1.1588
-1.16548
-1.17216
-1.17883
-1.1855
-1.19216
-1.19882
-1.20547
-1.21211
-1.21875
-1.22538
-1.232
-1.23861
-1.24522
-1.25182
-1.25842
-1.265
-1.27158
-1.27815
-1.28471
-1.29126
-1.29781
-1.30434
-1.31087
-1.31739
-1.3239
-1.3304
-1.33689
-1.34337
-1.34984
-1.3563
-1.36275
-1.36919
-1.37561
-1.38203
-1.38844
-1.39483
-1.40121
-1.40758
-1.41394
-1.42028
-1.42661
-1.43293
-1.43923
-1.44552
-1.4518
-1.45806
-1.46431
-1.47054
-1.47675
-1.48295
-1.48914
-1.49531
-1.50146
-1.50759
-1.5137
-1.5198
-1.52588
-1.53194
-1.53798
-1.544
-1.55
-1.55598
-1.56194
-1.56788
-1.57379
-1.57968
-1.58555
-1.5914
-1.59722
-1.60302
-1.60879
-1.61453
-1.62025
-1.62595
-1.63161
-1.63725
-1.64286
-1.64843
-1.65398
-1.6595
-1.66499
-1.67044
-1.67586
-1.68125
-1.68661
-1.69193
-1.69721
-1.70246
-1.70767
-1.71284
-1.71797
-1.72307
-1.72812
-1.73313
-1.7381
-1.74303
-1.74792
-1.75276
-1.75755
-1.7623
-1.767
-1.77165
-1.77626
-1.78081
-1.78531
-1.78976
-1.79416
-1.79851
-1.8028
-1.80703
-1.81121
-1.81533
-1.81939
-1.82339
-1.82733
-1.8312
-1.83502
-1.83877
-1.84246
-1.84608
-1.84963
-1.85312
-1.85654
-1.85988
-1.86316
-1.86636
-1.86949
-1.87255
-1.87554
-1.87844
-1.88127
-1.88403
-1.8867
-1.88929
-1.89181
-1.89424
-1.89659
-1.89886
-1.90104
-1.90314
-1.90516
-1.90708
-1.90893
-1.91068
-1.91234
-1.91392
-1.91541
-1.91681
-1.91811
-1.91933
-1.92045
-1.92148
-1.92242
-1.92327
-1.92402
-1.92468
-1.92525
-1.92572
-1.9261
-1.92639
-1.92658
-1.92667
-1.92667
-1.92658
-1.92639
-1.92611
-1.92573
-1.92526
-1.92469
-1.92403
-1.92328
-1.92244
-1.9215
-1.92047
-1.91934
-1.91813
-1.91683
-1.91543
-1.91394
-1.91237
-1.9107
-1.90895
-1.90711
-1.90518
-1.90317
-1.90107
-1.89889
-1.89662
-1.89427
-1.89184
-1.88933
-1.88674
-1.88406
-1.88131
-1.87848
-1.87558
-1.87259
-1.86954
-1.86641
-1.8632
-1.85993
-1.85658
-1.85317
-1.84968
-1.84613
-1.84251
-1.83882
-1.83507
-1.83126
-1.82738
-1.82344
-1.81944
-1.81538
-1.81127
-1.80709
-1.80286
-1.79857
-1.79422
-1.78983
-1.78538
-1.78087
-1.77632
-1.77172
-1.76707
-1.76237
-1.75762
-1.75282
-1.74799
-1.7431
-1.73817
-1.7332
-1.72819
-1.72314
-1.71804
-1.71291
-1.70774
-1.70253
-1.69728
-1.692
-1.68668
-1.68133
-1.67594
-1.67052
-1.66506
-1.65958
-1.65406
-1.64851
-1.64293
-1.63733
-1.63169
-1.62603
-1.62033
-1.61461
-1.60887
-1.6031
-1.5973
-1.59148
-1.58564
-1.57977
-1.57387
-1.56796
-1.56202
-1.55607
-1.55009
-1.54409
-1.53807
-1.53203
-1.52597
-1.51989
-1.51379
-1.50768
-1.50154
-1.49539
-1.48923
-1.48304
-1.47684
-1.47063
-1.46439
-1.45815
-1.45189
-1.44561
-1.43932
-1.43302
-1.4267
-1.42037
-1.41403
-1.40767
-1.4013
-1.39492
-1.38852
-1.38212
-1.3757
-1.36928
-1.36284
-1.35639
-1.34993
-1.34346
-1.33698
-1.33049
-1.32399
-1.31748
-1.31096
-1.30444
-1.2979
-1.29136
-1.2848
-1.27824
-1.27167
-1.26509
-1.25851
-1.25192
-1.24531
-1.23871
-1.23209
-1.22547
-1.21884
-1.2122
-1.20556
-1.19891
-1.19226
-1.1856
-1.17893
-1.17225
-1.16557
-1.15889
-1.1522
-1.1455
-1.1388
-1.13209
-1.12538
-1.11866
-1.11194
-1.10521
-1.09848
-1.09174
-1.085
-1.07825
-1.0715
-1.06474
-1.05798
-1.05122
-1.04445
-1.03767
-1.0309
-1.02412
-1.01733
-1.01054
-1.00375
-0.996953
-0.990153
-0.98335
-0.976542
-0.969732
-0.962917
-0.9561
-0.949279
-0.942455
-0.935627
-0.928797
-0.921963
-0.915127
-0.908287
-0.901444
-0.894599
-0.88775
-0.880899
-0.874045
-0.867188
-0.860329
-0.853467
-0.846602
-0.839735
-0.832865
-0.825993
-0.819118
-0.812241
-0.805361
-0.798479
-0.791595
-0.784709
-0.77782
-0.770929
-0.764036
-0.75714
-0.750243
-0.743343
-0.736442
-0.729538
-0.722633
-0.715725
-0.708815
-0.701904
-0.694991
-0.688075
-0.681158
-0.67424
-0.667319
-0.660397
-0.653472
-0.646547
-0.639619
-0.63269
-0.625759
-0.618827
-0.611893
-0.604957
-0.59802
-0.591081
-0.584141
-0.577199
-0.570256
-0.563312
-0.556366
-0.549418
-0.542469
-0.535519
-0.528568
-0.521615
-0.514661
-0.507706
-0.500749
-0.493791
-0.486832
-0.479872
-0.472911
-0.465948
-0.458984
-0.452019
-0.445053
-0.438086
-0.431118
-0.424149
-0.417179
-0.410208
-0.403236
-0.396262
-0.389288
-0.382313
-0.375337
-0.36836
-0.361382
-0.354404
-0.347424
-0.340444
-0.333463
-0.326481
-0.319498
-0.312514
-0.30553
-0.298545
-0.291559
-0.284573
-0.277585
-0.270598
-0.263609
-0.25662
-0.24963
-0.24264
-0.235649
-0.228658
-0.221666
-0.214673
-0.20768
-0.200686
-0.193692
-0.186698
-0.179703
-0.172707
-0.165712
-0.158715
-0.151719
-0.144722
-0.137725
-0.130727
-0.123729
-0.116731
-0.109732
-0.102734
-0.0957346
-0.0887353
-0.0817359
-0.0747362
-0.0677364
-0.0607364
-0.0537362
-0.046736
-0.0397356
-0.0327351
-0.0257345
-0.0187339
-0.0117333
-0.00473258
0.00226813
0.00926882
0.0162695
0.0232701
0.0302707
0.0372712
0.0442716
0.0512719
0.0582721
0.0652722
0.0722721
0.0792718
0.0862713
0.0932707
0.10027
0.107269
0.114267
0.121266
0.128264
0.135261
0.142259
0.149256
0.156252
0.163249
0.170245
0.17724
0.184235
0.19123
0.198224
0.205218
0.212211
0.219204
0.226196
0.233188
0.240179
0.24717
0.254159
0.261149
0.268137
0.275126
0.282113
0.2891
0.296086
0.303071
0.310056
0.317039
0.324022
0.331005
0.337986
0.344967
0.351947
0.358926
0.365904
0.372881
0.379857
0.386833
0.393807
0.400781
0.407753
0.414725
0.421696
0.428665
0.435634
0.442601
0.449567
0.456533
0.463497
0.47046
0.477422
0.484382
0.491342
0.4983
0.505257
0.512213
0.519167
0.52612
0.533072
0.540023
0.546972
0.55392
0.560867
0.567812
0.574755
0.581697
0.588638
0.595577
0.602515
0.609451
0.616386
0.623319
0.63025
0.63718
0.644108
0.651034
0.657959
0.664882
0.671803
0.678723
0.685641
0.692556
0.69947
0.706383
0.713293
0.720201
0.727107
0.734012
0.740914
0.747814
0.754712
0.761609
0.768502
0.775394
0.782284
0.789171
0.796056
0.802939
0.809819
0.816697
0.823573
0.830446
0.837317
0.844185
0.851051
0.857914
0.864774
0.871632
0.878487
0.885339
0.892188
0.899035
0.905878
0.912719
0.919557
0.926392
0.933223
0.940052
0.946877
0.953699
0.960518
0.967333
0.974145
0.980954
0.987759
0.99456
1.00136
1.00815
1.01494
1.02173
1.02851
1.03529
1.04206
1.04883
1.0556
1.06236
1.06912
1.07587
1.08262
1.08937
1.09611
1.10284
1.10957
1.11629
1.12301
1.12973
1.13644
1.14314
1.14984
1.15653
1.16322
1.1699
1.17658
1.18325
1.18991
1.19657
1.20322
1.20987
1.21651
1.22314
1.22976
1.23638
1.24299
1.24959
1.25619
1.26278
1.26936
1.27593
1.28249
1.28905
1.2956
1.30214
1.30867
1.31519
1.3217
1.3282
1.3347
1.34118
1.34765
1.35412
1.36057
1.36701
1.37344
1.37986
1.38627
1.39267
1.39905
1.40543
1.41179
1.41814
1.42447
1.43079
1.4371
1.4434
1.44968
1.45595
1.4622
1.46843
1.47466
1.48086
1.48705
1.49322
1.49938
1.50552
1.51164
1.51774
1.52383
1.52989
1.53594
1.54197
1.54798
1.55396
1.55993
1.56587
1.5718
1.5777
1.58357
1.58943
1.59526
1.60106
1.60684
1.61259
1.61832
1.62402
1.6297
1.63535
1.64096
1.64655
1.65211
1.65764
1.66314
1.6686
1.67403
1.67943
1.6848
1.69013
1.69543
1.70069
1.70591
1.71109
1.71624
1.72135
1.72642
1.73144
1.73643
1.74137
1.74627
1.75113
1.75594
1.7607
1.76542
1.77009
1.77471
1.77928
1.7838
1.78827
1.79268
1.79704
1.80135
1.80561
1.8098
1.81394
1.81802
1.82204
1.826
1.8299
1.83374
1.83751
1.84122
1.84486
1.84844
1.85195
1.85539
1.85876
1.86206
1.86529
1.86844
1.87153
1.87454
1.87747
1.88032
1.8831
1.8858
1.88843
1.89097
1.89343
1.89581
1.8981
1.90031
1.90244
1.90449
1.90644
1.90831
1.9101
1.91179
1.9134
1.91492
1.91634
1.91768
1.91893
1.92008
1.92115
1.92212
1.923
1.92378
1.92447
1.92507
1.92557
1.92598
1.9263
1.92652
1.92665
1.92668
1.92662
1.92646
1.92621
1.92587
1.92543
1.92489
1.92427
1.92355
1.92273
1.92183
1.92083
1.91973
1.91855
1.91728
1.91591
1.91446
1.91291
1.91128
1.90955
1.90774
1.90585
1.90386
1.90179
1.89964
1.8974
1.89508
1.89267
1.89019
1.88762
1.88498
1.88225
1.87945
1.87657
1.87361
1.87058
1.86747
1.8643
1.86104
1.85772
1.85433
1.85087
1.84734
1.84374
1.84008
1.83635
1.83255
1.8287
1.82478
1.8208
1.81676
1.81266
1.80851
1.80429
1.80002
1.7957
1.79132
1.78689
1.7824
1.77787
1.77328
1.76864
1.76396
1.75923
1.75445
1.74963
1.74476
1.73984
1.73489
1.72989
1.72485
1.71977
1.71465
1.70949
1.70429
1.69906
1.69379
1.68848
1.68314
1.67776
1.67235
1.66691
1.66144
1.65593
1.65039
1.64482
1.63922
1.6336
1.62794
1.62226
1.61655
1.61081
1.60505
1.59926
1.59345
1.58761
1.58175
1.57587
1.56996
1.56403
1.55808
1.55211
1.54612
1.5401
1.53407
1.52802
1.52194
1.51585
1.50974
1.50362
1.49747
1.49131
1.48513
1.47894
1.47273
1.4665
1.46026
1.45401
1.44773
1.44145
1.43515
1.42884
1.42251
1.41617
1.40982
1.40345
1.39708
1.39069
1.38429
1.37787
1.37145
1.36502
1.35857
1.35211
1.34565
1.33917
1.33268
1.32619
1.31968
1.31317
1.30664
1.30011
1.29357
1.28702
1.28046
1.27389
1.26732
1.26074
1.25414
1.24755
1.24094
1.23433
1.22771
1.22108
1.21445
1.20781
1.20116
1.19451
1.18785
1.18118
1.17451
1.16783
1.16115
1.15446
1.14777
1.14107
1.13436
1.12765
1.12093
1.11421
1.10748
1.10075
1.09402
1.08728
1.08053
1.07378
1.06703
1.06027
1.0535
1.04674
1.03996
1.03319
1.02641
1.01963
1.01284
1.00605
0.999251
0.992452
0.98565
0.978844
0.972034
0.965221
0.958405
0.951585
0.944762
0.937935
0.931106
0.924273
0.917438
0.910599
0.903758
0.896913
0.890065
0.883215
0.876362
0.869506
0.862648
0.855787
0.848923
0.842056
0.835187
0.828316
0.821442
0.814566
0.807687
0.800806
0.793922
0.787036
0.780148
0.773258
0.766366
0.759471
0.752574
0.745676
0.738775
0.731872
0.724967
0.71806
0.711151
0.70424
0.697328
0.690413
0.683497
0.676578
0.669658
0.662737
0.655813
0.648888
0.641961
0.635032
0.628102
0.62117
0.614236
0.607301
0.600365
0.593427
0.586487
0.579546
0.572603
0.565659
0.558714
0.551767
0.544818
0.537869
0.530918
0.523965
0.517012
0.510057
0.503101
0.496143
0.489185
0.482225
0.475264
0.468302
0.461338
0.454374
0.447408
0.440441
0.433474
0.426505
0.419535
0.412564
0.405592
0.398619
0.391646
0.384671
0.377695
0.370719
0.363741
0.356763
0.349783
0.342803
0.335822
0.328841
0.321858
0.314875
0.307891
0.300906
0.29392
0.286934
0.279947
0.27296
0.265971
0.258982
0.251993
0.245003
0.238012
0.231021
0.224029
0.217037
0.210044
0.20305
0.196056
0.189062
0.182067
0.175072
0.168076
0.16108
0.154084
0.147087
0.14009
0.133092
0.126094
0.119096
0.112098
0.105099
0.0981003
0.0911011
0.0841017
0.0771022
0.0701024
0.0631024
0.0561023
0.0491021
0.0421018
0.0351013
0.0281008
0.0211002
0.0140995
0.00709886
9.81624e-05
-0.00690254
-0.0139032
-0.0209039
-0.0279045
-0.034905
-0.0419055
-0.0489058
-0.055906
-0.0629061
-0.0699061
-0.0769059
-0.0839055
-0.0909049
-0.097904
-0.104903
-0.111902
-0.1189
-0.125898
-0.132896
-0.139894
-0.146891
-0.153888
-0.160884
-0.16788
-0.174876
-0.181871
-0.188866
-0.19586
-0.202854
-0.209848
-0.21684
-0.223833
-0.230825
-0.237816
-0.244807
-0.251797
-0.258786
-0.265775
-0.272764
-0.279751
-0.286738
-0.293724
-0.30071
-0.307695
-0.314679
-0.321662
-0.328645
-0.335627
-0.342607
-0.349588
-0.356567
-0.363545
-0.370523
-0.377499
-0.384475
-0.39145
-0.398424
-0.405397
-0.412369
-0.41934
-0.426309
-0.433278
-0.440246
-0.447213
-0.454178
-0.461143
-0.468106
-0.475069
-0.48203
-0.488989
-0.495948
-0.502906
-0.509862
-0.516817
-0.52377
-0.530723
-0.537674
-0.544623
-0.551572
-0.558519
-0.565464
-0.572408
-0.579351
-0.586292
-0.593232
-0.60017
-0.607107
-0.614042
-0.620976
-0.627907
-0.634838
-0.641766
-0.648693
-0.655619
-0.662542
-0.669464
-0.676384
-0.683303
-0.690219
-0.697134
-0.704046
-0.710957
-0.717866
-0.724773
-0.731678
-0.738581
-0.745482
-0.752381
-0.759278
-0.766172
-0.773065
-0.779955
-0.786843
-0.793729
-0.800613
-0.807494
-0.814373
-0.821249
-0.828123
-0.834995
-0.841864
-0.84873
-0.855594
-0.862455
-0.869314
-0.87617
-0.883023
-0.889873
-0.896721
-0.903566
-0.910407
-0.917246
-0.924082
-0.930914
-0.937744
-0.94457
-0.951393
-0.958213
-0.96503
-0.971843
-0.978653
-0.985459
-0.992262
-0.999061
-1.00586
-1.01265
-1.01944
-1.02622
-1.033
-1.03977
-1.04655
-1.05331
-1.06008
-1.06684
-1.07359
-1.08034
-1.08709
-1.09383
-1.10056
-1.1073
-1.11402
-1.12074
-1.12746
-1.13417
-1.14088
-1.14758
-1.15427
-1.16096
-1.16765
-1.17432
-1.181
-1.18766
-1.19432
-1.20097
-1.20762
-1.21426
-1.2209
-1.22752
-1.23414
-1.24076
-1.24736
-1.25396
-1.26055
-1.26713
-1.27371
-1.28028
-1.28683
-1.29338
-1.29993
-1.30646
-1.31298
-1.3195
-1.32601
-1.3325
-1.33899
-1.34547
-1.35193
-1.35839
-1.36483
-1.37127
-1.37769
-1.38411
-1.39051
-1.3969
-1.40327
-1.40964
-1.41599
-1.42233
-1.42866
-1.43497
-1.44127
-1.44756
-1.45383
-1.46009
-1.46633
-1.47255
-1.47877
-1.48496
-1.49114
-1.4973
-1.50345
-1.50957
-1.51568
-1.52177
-1.52785
-1.5339
-1.53993
-1.54595
-1.55194
-1.55791
-1.56387
-1.5698
-1.5757
-1.58159
-1.58745
-1.59329
-1.5991
-1.60489
-1.61065
-1.61639
-1.6221
-1.62778
-1.63344
-1.63907
-1.64467
-1.65023
-1.65577
-1.66128
-1.66676
-1.6722
-1.67761
-1.68299
-1.68833
-1.69364
-1.69891
-1.70415
-1.70935
-1.71451
-1.71963
-1.72471
-1.72975
-1.73475
-1.73971
-1.74462
-1.74949
-1.75432
-1.7591
-1.76383
-1.76851
-1.77315
-1.77774
-1.78228
-1.78676
-1.7912
-1.79558
-1.7999
-1.80417
-1.80839
-1.81255
-1.81665
-1.82069
-1.82467
-1.82859
-1.83245
-1.83624
-1.83997
-1.84364
-1.84724
-1.85077
-1.85423
-1.85763
-1.86095
-1.8642
-1.86739
-1.87049
-1.87353
-1.87649
-1.87937
-1.88217
-1.8849
-1.88755
-1.89012
-1.8926
-1.89501
-1.89734
-1.89958
-1.90173
-1.9038
-1.90579
-1.90769
-1.9095
-1.91123
-1.91287
-1.91441
-1.91587
-1.91724
-1.91852
-1.9197
-1.9208
-1.9218
-1.92271
-1.92353
-1.92425
-1.92488
-1.92541
-1.92586
-1.9262
-1.92646
-1.92662
-1.92668
-1.92665
-1.92653
-1.92631
-1.926
-1.92559
-1.92509
-1.92449
-1.9238
-1.92302
-1.92214
-1.92117
-1.92011
-1.91896
-1.91772
-1.91638
-1.91496
-1.91344
-1.91184
-1.91015
-1.90836
-1.9065
-1.90454
-1.9025
-1.90038
-1.89817
-1.89587
-1.8935
-1.89104
-1.8885
-1.88588
-1.88318
-1.8804
-1.87755
-1.87462
-1.87161
-1.86853
-1.86538
-1.86215
-1.85885
-1.85548
-1.85205
-1.84854
-1.84496
-1.84132
-1.83762
-1.83384
-1.83001
-1.82611
-1.82215
-1.81813
-1.81406
-1.80992
-1.80572
-1.80147
-1.79717
-1.79281
-1.78839
-1.78392
-1.7794
-1.77484
-1.77022
-1.76555
-1.76083
-1.75607
-1.75126
-1.74641
-1.74151
-1.73657
-1.73158
-1.72656
-1.72149
-1.71639
-1.71124
-1.70606
-1.70083
-1.69557
-1.69028
-1.68495
-1.67958
-1.67419
-1.66875
-1.66329
-1.65779
-1.65227
-1.64671
-1.64112
-1.6355
-1.62986
-1.62418
-1.61848
-1.61276
-1.607
-1.60122
-1.59542
-1.58959
-1.58374
-1.57786
-1.57196
-1.56604
-1.5601
-1.55413
-1.54814
-1.54214
-1.53611
-1.53006
-1.524
-1.51791
-1.51181
-1.50569
-1.49955
-1.4934
-1.48722
-1.48103
-1.47483
-1.46861
-1.46237
-1.45612
-1.44986
-1.44357
-1.43728
-1.43097
-1.42465
-1.41832
-1.41197
-1.40561
-1.39923
-1.39285
-1.38645
-1.38004
-1.37362
-1.36719
-1.36075
-1.3543
-1.34783
-1.34136
-1.33488
-1.32838
-1.32188
-1.31537
-1.30885
-1.30232
-1.29578
-1.28923
-1.28268
-1.27611
-1.26954
-1.26296
-1.25637
-1.24978
-1.24317
-1.23656
-1.22995
-1.22332
-1.21669
-1.21005
-1.20341
-1.19676
-1.1901
-1.18344
-1.17677
-1.17009
-1.16341
-1.15672
-1.15003
-1.14333
-1.13663
-1.12992
-1.1232
-1.11648
-1.10976
-1.10303
-1.09629
-1.08956
-1.08281
-1.07606
-1.06931
-1.06255
-1.05579
-1.04902
-1.04225
-1.03548
-1.0287
-1.02192
-1.01513
-1.00834
-1.00155
-0.994751
-0.987949
-0.981145
-0.974336
-0.967524
-0.960709
-0.95389
-0.947068
-0.940243
-0.933415
-0.926583
-0.919749
-0.912911
-0.90607
-0.899227
-0.89238
-0.885531
-0.878679
-0.871824
-0.864966
-0.858106
-0.851243
-0.844377
-0.837509
-0.830639
-0.823766
-0.81689
-0.810012
-0.803132
-0.796249
-0.789364
-0.782477
-0.775587
-0.768696
-0.761802
-0.754906
-0.748008
-0.741108
-0.734205
-0.727301
-0.720395
-0.713487
-0.706576
-0.699664
-0.69275
-0.685835
-0.678917
-0.671998
-0.665076
-0.658153
-0.651229
-0.644302
-0.637374
-0.630445
-0.623513
-0.61658
-0.609646
-0.60271
-0.595772
-0.588833
-0.581892
-0.57495
-0.568006
-0.561061
-0.554115
-0.547167
-0.540218
-0.533267
-0.526315
-0.519362
-0.512408
-0.505452
-0.498495
-0.491537
-0.484577
-0.477617
-0.470655
-0.463692
-0.456728
-0.449763
-0.442796
-0.435829
-0.428861
-0.421891
-0.414921
-0.407949
-0.400976
-0.394003
-0.387028
-0.380053
-0.373077
-0.3661
-0.359121
-0.352142
-0.345163
-0.338182
-0.331201
-0.324218
-0.317235
-0.310251
-0.303267
-0.296282
-0.289296
-0.282309
-0.275321
-0.268333
-0.261345
-0.254355
-0.247366
-0.240375
-0.233384
-0.226392
-0.2194
-0.212407
-0.205414
-0.19842
-0.191426
-0.184432
-0.177436
-0.170441
-0.163445
-0.156449
-0.149452
-0.142455
-0.135458
-0.12846
-0.121462
-0.114463
-0.107465
-0.100466
-0.0934669
-0.0864676
-0.0794681
-0.0724684
-0.0654685
-0.0584684
-0.0514683
-0.044468
-0.0374675
-0.030467
-0.0234665
-0.0164658
-0.00946515
-0.00246445
0.00453625
0.0115369
0.0185376
0.0255382
0.0325388
0.0395393
0.0465396
0.0535399
0.0605401
0.0675401
0.0745399
0.0815396
0.088539
0.0955383
0.102537
0.109536
0.116535
0.123533
0.130531
0.137528
0.144526
0.151523
0.158519
0.165515
0.172511
0.179507
0.186502
0.193496
0.20049
0.207484
0.214477
0.221469
0.228461
0.235453
0.242444
0.249434
0.256424
0.263413
0.270402
0.277389
0.284377
0.291363
0.298349
0.305334
0.312318
0.319302
0.326285
0.333267
0.340248
0.347228
0.354208
0.361187
0.368164
0.375141
0.382117
0.389093
0.396067
0.40304
0.410012
0.416983
0.423954
0.430923
0.437891
0.444858
0.451824
0.458789
0.465753
0.472715
0.479677
0.486637
0.493596
0.500554
0.507511
0.514466
0.52142
0.528373
0.535324
0.542275
0.549223
0.556171
0.563117
0.570061
0.577005
0.583946
0.590886
0.597825
0.604762
0.611698
0.618632
0.625565
0.632495
0.639425
0.646352
0.653278
0.660202
0.667125
0.674045
0.680964
0.687881
0.694797
0.70171
0.708622
0.715531
0.722439
0.729345
0.736248
0.74315
0.750049
0.756947
0.763842
0.770735
0.777627
0.784515
0.791402
0.798286
0.805168
0.812048
0.818925
0.8258
0.832672
0.839542
0.84641
0.853274
0.860137
0.866996
0.873853
0.880707
0.887558
0.894407
0.901252
0.908095
0.914935
0.921772
0.928605
0.935436
0.942263
0.949088
0.955909
0.962726
0.969541
0.976351
0.983159
0.989963
0.996763
1.00356
1.01035
1.01714
1.02393
1.03071
1.03748
1.04426
1.05103
1.05779
1.06455
1.07131
1.07806
1.08481
1.09155
1.09829
1.10502
1.11175
1.11847
1.12519
1.1319
1.13861
1.14531
1.15201
1.1587
1.16539
1.17207
1.17874
1.18541
1.19207
1.19873
1.20538
1.21202
1.21865
1.22528
1.23191
1.23852
1.24513
1.25173
1.25832
1.26491
1.27149
1.27806
1.28462
1.29117
1.29772
1.30425
1.31078
1.3173
1.32381
1.33031
1.3368
1.34328
1.34975
1.35621
1.36266
1.3691
1.37552
1.38194
1.38835
1.39474
1.40112
1.40749
1.41385
1.42019
1.42652
1.43284
1.43914
1.44544
1.45171
1.45797
1.46422
1.47045
1.47667
1.48287
1.48905
1.49522
1.50137
1.5075
1.51362
1.51972
1.5258
1.53186
1.5379
1.54392
1.54992
1.5559
1.56186
1.56779
1.57371
1.5796
1.58547
1.59132
1.59714
1.60294
1.60871
1.61445
1.62017
1.62587
1.63153
1.63717
1.64278
1.64836
1.6539
1.65942
1.66491
1.67036
1.67579
1.68118
1.68653
1.69185
1.69713
1.70238
1.70759
1.71277
1.7179
1.723
1.72805
1.73306
1.73804
1.74296
1.74785
1.75269
1.75748
1.76223
1.76694
1.77159
1.77619
1.78075
1.78525
1.7897
1.7941
1.79845
1.80274
1.80697
1.81115
1.81527
1.81933
1.82333
1.82727
1.83115
1.83497
1.83872
1.84241
1.84603
1.84958
1.85307
1.85649
1.85984
1.86311
1.86632
1.86945
1.87251
1.87549
1.8784
1.88123
1.88399
1.88666
1.88926
1.89177
1.89421
1.89656
1.89883
1.90101
1.90311
1.90513
1.90706
1.9089
1.91066
1.91232
1.9139
1.91539
1.91679
1.9181
1.91931
1.92044
1.92147
1.92241
1.92326
1.92401
1.92468
1.92524
1.92572
1.9261
1.92638
1.92657
1.92667
1.92667
1.92658
1.92639
1.92611
1.92574
1.92527
1.9247
1.92404
1.92329
1.92245
1.92151
1.92048
1.91936
1.91815
1.91684
1.91545
1.91396
1.91239
1.91073
1.90898
1.90714
1.90521
1.9032
1.9011
1.89892
1.89666
1.89431
1.89188
1.88937
1.88677
1.8841
1.88135
1.87852
1.87562
1.87264
1.86958
1.86645
1.86325
1.85998
1.85663
1.85322
1.84973
1.84618
1.84256
1.83888
1.83513
1.83131
1.82744
1.8235
1.8195
1.81544
1.81132
1.80715
1.80292
1.79863
1.79429
1.78989
1.78544
1.78094
1.77639
1.77178
1.76713
1.76243
1.75769
1.75289
1.74805
1.74317
1.73824
1.73327
1.72826
1.72321
1.71812
1.71298
1.70781
1.7026
1.69736
1.69207
1.68676
1.6814
1.67601
1.67059
1.66514
1.65965
1.65414
1.64859
1.64301
1.6374
1.63177
1.6261
1.62041
1.61469
1.60895
1.60318
1.59738
1.59156
1.58572
1.57985
1.57396
1.56804
1.56211
1.55615
1.55017
1.54417
1.53815
1.53211
1.52605
1.51997
1.51388
1.50776
1.50163
1.49548
1.48931
1.48313
1.47693
1.47071
1.46448
1.45824
1.45198
1.4457
1.43941
1.43311
1.42679
1.42046
1.41411
1.40776
1.40139
1.39501
1.38861
1.38221
1.37579
1.36937
1.36293
1.35648
1.35002
1.34355
1.33707
1.33058
1.32408
1.31757
1.31105
1.30453
1.29799
1.29145
1.28489
1.27833
1.27176
1.26519
1.2586
1.25201
1.24541
1.2388
1.23218
1.22556
1.21893
1.2123
1.20566
1.19901
1.19235
1.18569
1.17902
1.17235
1.16567
1.15898
1.15229
1.1456
1.13889
1.13219
1.12547
1.11876
1.11203
1.1053
1.09857
1.09183
1.08509
1.07834
1.07159
1.06484
1.05808
1.05131
1.04454
1.03777
1.03099
1.02421
1.01743
1.01064
1.00385
0.997049
0.990249
0.983445
0.976638
0.969827
0.963013
0.956195
0.949375
0.94255
0.935723
0.928893
0.922059
0.915223
0.908383
0.90154
0.894695
0.887846
0.880995
0.874141
0.867285
0.860425
0.853563
0.846698
0.839831
0.832961
0.826089
0.819214
0.812337
0.805458
0.798576
0.791692
0.784805
0.777916
0.771025
0.764132
0.757237
0.75034
0.74344
0.736539
0.729635
0.722729
0.715822
0.708912
0.702001
0.695088
0.688172
0.681255
0.674337
0.667416
0.660494
0.653569
0.646644
0.639716
0.632787
0.625856
0.618924
0.61199
0.605054
0.598117
0.591178
0.584238
0.577297
0.570354
0.563409
0.556463
0.549516
0.542567
0.535617
0.528665
0.521713
0.514759
0.507803
0.500847
0.493889
0.48693
0.47997
0.473008
0.466046
0.459082
0.452117
0.445151
0.438184
0.431216
0.424247
0.417277
0.410306
0.403333
0.39636
0.389386
0.382411
0.375435
0.368458
0.36148
0.354502
0.347522
0.340542
0.33356
0.326578
0.319596
0.312612
0.305628
0.298643
0.291657
0.28467
0.277683
0.270696
0.263707
0.256718
0.249728
0.242738
0.235747
0.228756
0.221764
0.214771
0.207778
0.200784
0.19379
0.186796
0.179801
0.172806
0.16581
0.158814
0.151817
0.14482
0.137823
0.130825
0.123827
0.116829
0.10983
0.102832
0.0958327
0.0888335
0.081834
0.0748344
0.0678345
0.0608345
0.0538344
0.0468341
0.0398337
0.0328333
0.0258327
0.0188321
0.0118314
0.00483074
-0.00216996
-0.00917066
-0.0161713
-0.023172
-0.0301726
-0.0371731
-0.0441735
-0.0511738
-0.058174
-0.065174
-0.0721739
-0.0791737
-0.0861732
-0.0931725
-0.100172
-0.10717
-0.114169
-0.121167
-0.128165
-0.135163
-0.142161
-0.149158
-0.156154
-0.163151
-0.170147
-0.177142
-0.184137
-0.191132
-0.198126
-0.20512
-0.212113
-0.219106
-0.226098
-0.23309
-0.240081
-0.247071
-0.254061
-0.261051
-0.268039
-0.275028
-0.282015
-0.289002
-0.295988
-0.302973
-0.309958
-0.316941
-0.323925
-0.330907
-0.337888
-0.344869
-0.351849
-0.358828
-0.365806
-0.372783
-0.37976
-0.386735
-0.39371
-0.400683
-0.407656
-0.414627
-0.421598
-0.428567
-0.435536
-0.442503
-0.44947
-0.456435
-0.463399
-0.470362
-0.477324
-0.484285
-0.491244
-0.498202
-0.505159
-0.512115
-0.51907
-0.526023
-0.532975
-0.539926
-0.546875
-0.553823
-0.560769
-0.567714
-0.574658
-0.5816
-0.588541
-0.59548
-0.602418
-0.609354
-0.616289
-0.623222
-0.630153
-0.637083
-0.644011
-0.650937
-0.657862
-0.664785
-0.671706
-0.678626
-0.685544
-0.69246
-0.699374
-0.706286
-0.713196
-0.720104
-0.727011
-0.733915
-0.740817
-0.747718
-0.754616
-0.761512
-0.768406
-0.775298
-0.782187
-0.789074
-0.79596
-0.802842
-0.809723
-0.816601
-0.823476
-0.83035
-0.83722
-0.844089
-0.850954
-0.857817
-0.864678
-0.871536
-0.878391
-0.885243
-0.892092
-0.898939
-0.905783
-0.912623
-0.919461
-0.926296
-0.933127
-0.939956
-0.946781
-0.953603
-0.960422
-0.967238
-0.97405
-0.980858
-0.987663
-0.994465
-1.00126
-1.00806
-1.01485
-1.02163
-1.02842
-1.03519
-1.04197
-1.04874
-1.05551
-1.06227
-1.06903
-1.07578
-1.08253
-1.08927
-1.09601
-1.10275
-1.10948
-1.1162
-1.12292
-1.12964
-1.13634
-1.14305
-1.14975
-1.15644
-1.16313
-1.16981
-1.17649
-1.18316
-1.18982
-1.19648
-1.20313
-1.20977
-1.21641
-1.22304
-1.22967
-1.23629
-1.2429
-1.2495
-1.2561
-1.26268
-1.26926
-1.27584
-1.2824
-1.28896
-1.29551
-1.30204
-1.30857
-1.3151
-1.32161
-1.32811
-1.3346
-1.34109
-1.34756
-1.35403
-1.36048
-1.36692
-1.37335
-1.37977
-1.38618
-1.39258
-1.39896
-1.40534
-1.4117
-1.41805
-1.42438
-1.43071
-1.43702
-1.44331
-1.44959
-1.45586
-1.46211
-1.46835
-1.47457
-1.48077
-1.48696
-1.49314
-1.49929
-1.50543
-1.51155
-1.51766
-1.52374
-1.52981
-1.53586
-1.54188
-1.54789
-1.55388
-1.55985
-1.56579
-1.57171
-1.57761
-1.58349
-1.58934
-1.59517
-1.60098
-1.60676
-1.61251
-1.61824
-1.62394
-1.62962
-1.63527
-1.64088
-1.64647
-1.65203
-1.65756
-1.66306
-1.66852
-1.67396
-1.67936
-1.68472
-1.69006
-1.69535
-1.70061
-1.70584
-1.71102
-1.71617
-1.72128
-1.72635
-1.73137
-1.73636
-1.7413
-1.7462
-1.75106
-1.75587
-1.76063
-1.76535
-1.77002
-1.77464
-1.77921
-1.78373
-1.7882
-1.79262
-1.79698
-1.80129
-1.80555
-1.80974
-1.81388
-1.81796
-1.82199
-1.82595
-1.82985
-1.83368
-1.83746
-1.84117
-1.84481
-1.84839
-1.8519
-1.85534
-1.85871
-1.86201
-1.86524
-1.8684
-1.87148
-1.87449
-1.87743
-1.88028
-1.88307
-1.88577
-1.88839
-1.89093
-1.89339
-1.89577
-1.89807
-1.90028
-1.90241
-1.90446
-1.90642
-1.90829
-1.91007
-1.91177
-1.91338
-1.9149
-1.91632
-1.91766
-1.91891
-1.92007
-1.92113
-1.9221
-1.92298
-1.92377
-1.92446
-1.92506
-1.92557
-1.92598
-1.9263
-1.92652
-1.92665
-1.92668
-1.92662
-1.92647
-1.92622
-1.92587
-1.92544
-1.9249
-1.92428
-1.92356
-1.92274
-1.92184
-1.92084
-1.91975
-1.91857
-1.91729
-1.91593
-1.91448
-1.91293
-1.9113
-1.90958
-1.90777
-1.90587
-1.90389
-1.90182
-1.89967
-1.89743
-1.89511
-1.89271
-1.89022
-1.88766
-1.88501
-1.88229
-1.87949
-1.87661
-1.87365
-1.87062
-1.86752
-1.86434
-1.86109
-1.85777
-1.85438
-1.85092
-1.84739
-1.84379
-1.84013
-1.8364
-1.83261
-1.82875
-1.82484
-1.82086
-1.81682
-1.81272
-1.80857
-1.80435
-1.80008
-1.79576
-1.79138
-1.78695
-1.78247
-1.77793
-1.77334
-1.76871
-1.76403
-1.7593
-1.75452
-1.74969
-1.74483
-1.73991
-1.73496
-1.72996
-1.72492
-1.71984
-1.71472
-1.70956
-1.70437
-1.69913
-1.69386
-1.68856
-1.68322
-1.67784
-1.67243
-1.66699
-1.66151
-1.65601
-1.65047
-1.6449
-1.6393
-1.63368
-1.62802
-1.62234
-1.61663
-1.61089
-1.60513
-1.59934
-1.59353
-1.5877
-1.58184
-1.57595
-1.57004
-1.56412
-1.55817
-1.55219
-1.5462
-1.54019
-1.53415
-1.5281
-1.52203
-1.51594
-1.50983
-1.5037
-1.49756
-1.4914
-1.48522
-1.47903
-1.47282
-1.46659
-1.46035
-1.45409
-1.44782
-1.44154
-1.43524
-1.42893
-1.4226
-1.41626
-1.40991
-1.40354
-1.39717
-1.39078
-1.38438
-1.37796
-1.37154
-1.36511
-1.35866
-1.3522
-1.34574
-1.33926
-1.33278
-1.32628
-1.31977
-1.31326
-1.30673
-1.3002
-1.29366
-1.28711
-1.28055
-1.27398
-1.26741
-1.26083
-1.25424
-1.24764
-1.24103
-1.23442
-1.2278
-1.22117
-1.21454
-1.2079
-1.20125
-1.1946
-1.18794
-1.18128
-1.1746
-1.16793
-1.16124
-1.15455
-1.14786
-1.14116
-1.13445
-1.12774
-1.12103
-1.11431
-1.10758
-1.10085
-1.09411
-1.08737
-1.08063
-1.07388
-1.06712
-1.06036
-1.0536
-1.04683
-1.04006
-1.03328
-1.0265
-1.01972
-1.01293
-1.00614
-0.999346
-0.992548
-0.985745
-0.978939
-0.97213
-0.965317
-0.9585
-0.95168
-0.944857
-0.938031
-0.931202
-0.924369
-0.917534
-0.910695
-0.903853
-0.897009
-0.890162
-0.883311
-0.876458
-0.869602
-0.862744
-0.855883
-0.849019
-0.842153
-0.835284
-0.828412
-0.821538
-0.814662
-0.807783
-0.800902
-0.794019
-0.787133
-0.780245
-0.773355
-0.766462
-0.759568
-0.752671
-0.745772
-0.738872
-0.731969
-0.725064
-0.718157
-0.711248
-0.704337
-0.697425
-0.69051
-0.683594
-0.676675
-0.669755
-0.662834
-0.65591
-0.648985
-0.642058
-0.635129
-0.628199
-0.621267
-0.614334
-0.607399
-0.600462
-0.593524
-0.586584
-0.579643
-0.5727
-0.565756
-0.558811
-0.551864
-0.544916
-0.537966
-0.531015
-0.524063
-0.517109
-0.510154
-0.503198
-0.496241
-0.489282
-0.482322
-0.475361
-0.468399
-0.461436
-0.454471
-0.447506
-0.440539
-0.433571
-0.426603
-0.419633
-0.412662
-0.40569
-0.398717
-0.391743
-0.384769
-0.377793
-0.370816
-0.363839
-0.35686
-0.349881
-0.342901
-0.33592
-0.328938
-0.321956
-0.314973
-0.307989
-0.301004
-0.294018
-0.287032
-0.280045
-0.273058
-0.266069
-0.25908
-0.252091
-0.245101
-0.23811
-0.231119
-0.224127
-0.217135
-0.210142
-0.203148
-0.196154
-0.18916
-0.182165
-0.17517
-0.168174
-0.161178
-0.154182
-0.147185
-0.140188
-0.13319
-0.126193
-0.119194
-0.112196
-0.105197
-0.0981984
-0.0911993
-0.0841999
-0.0772003
-0.0702005
-0.0632006
-0.0562005
-0.0492003
-0.0421999
-0.0351995
-0.028199
-0.0211984
-0.0141977
-0.00719702
-0.000196325
0.00680438
0.0138051
0.0208057
0.0278063
0.0348068
0.0418073
0.0488076
0.0558079
0.062808
0.0698079
0.0768077
0.0838073
0.0908067
0.0978059
0.104805
0.111804
0.118802
0.1258
0.132798
0.139795
0.146793
0.153789
0.160786
0.167782
0.174778
0.181773
0.188768
0.195762
0.202756
0.209749
0.216742
0.223735
0.230727
0.237718
0.244709
0.251699
0.258688
0.265677
0.272666
0.279653
0.28664
0.293626
0.300612
0.307597
0.314581
0.321564
0.328547
0.335529
0.34251
0.34949
0.356469
0.363447
0.370425
0.377402
0.384377
0.391352
0.398326
0.405299
0.412271
0.419242
0.426212
0.433181
0.440148
0.447115
0.454081
0.461045
0.468009
0.474971
0.481932
0.488892
0.495851
0.502808
0.509764
0.516719
0.523673
0.530625
0.537576
0.544526
0.551474
0.558421
0.565367
0.572311
0.579254
0.586195
0.593135
0.600073
0.60701
0.613945
0.620878
0.62781
0.634741
0.641669
0.648596
0.655522
0.662445
0.669367
0.676287
0.683206
0.690122
0.697037
0.70395
0.71086
0.717769
0.724676
0.731581
0.738484
0.745385
0.752284
0.759181
0.766076
0.772968
0.779859
0.786747
0.793633
0.800516
0.807397
0.814276
0.821153
0.828027
0.834898
0.841767
0.848634
0.855498
0.862359
0.869218
0.876074
0.882927
0.889777
0.896625
0.90347
0.910311
0.91715
0.923986
0.930819
0.937648
0.944475
0.951298
0.958118
0.964934
0.971748
0.978557
0.985363
0.992166
0.998965
1.00576
1.01255
1.01934
1.02612
1.0329
1.03968
1.04645
1.05322
1.05998
1.06674
1.0735
1.08025
1.08699
1.09373
1.10047
1.1072
1.11393
1.12065
1.12737
1.13408
1.14078
1.14748
1.15418
1.16087
1.16755
1.17423
1.1809
1.18757
1.19423
1.20088
1.20753
1.21417
1.2208
1.22743
1.23405
1.24066
1.24727
1.25387
1.26046
1.26704
1.27362
1.28018
1.28674
1.29329
1.29984
1.30637
1.31289
1.31941
1.32591
1.33241
1.3389
1.34537
1.35184
1.3583
1.36474
1.37118
1.3776
1.38402
1.39042
1.39681
1.40319
1.40955
1.4159
1.42224
1.42857
1.43488
1.44118
1.44747
1.45374
1.46
1.46624
1.47247
1.47868
1.48487
1.49105
1.49721
1.50336
1.50949
1.5156
1.52169
1.52776
1.53381
1.53985
1.54586
1.55186
1.55783
1.56378
1.56971
1.57562
1.58151
1.58737
1.59321
1.59902
1.60481
1.61057
1.61631
1.62202
1.6277
1.63336
1.63899
1.64459
1.65016
1.6557
1.6612
1.66668
1.67213
1.67754
1.68291
1.68826
1.69357
1.69884
1.70408
1.70927
1.71443
1.71956
1.72464
1.72968
1.73468
1.73964
1.74455
1.74942
1.75425
1.75903
1.76376
1.76845
1.77309
1.77767
1.78221
1.7867
1.79113
1.79552
1.79984
1.80411
1.80833
1.81249
1.81659
1.82063
1.82461
1.82854
1.83239
1.83619
1.83992
1.84359
1.84719
1.85072
1.85418
1.85758
1.86091
1.86416
1.86734
1.87045
1.87348
1.87644
1.87933
1.88213
1.88486
1.88751
1.89008
1.89257
1.89498
1.8973
1.89955
1.9017
1.90378
1.90576
1.90766
1.90948
1.91121
1.91284
1.91439
1.91585
1.91722
1.9185
1.91969
1.92078
1.92179
1.9227
1.92351
1.92424
1.92487
1.92541
1.92585
1.9262
1.92646
1.92662
1.92668
1.92665
1.92653
1.92631
1.926
1.92559
1.92509
1.9245
1.92381
1.92303
1.92216
1.92119
1.92013
1.91898
1.91774
1.9164
1.91498
1.91346
1.91186
1.91017
1.90839
1.90652
1.90457
1.90253
1.90041
1.8982
1.8959
1.89353
1.89107
1.88853
1.88592
1.88322
1.88044
1.87759
1.87466
1.87166
1.86858
1.86542
1.8622
1.8589
1.85553
1.85209
1.84859
1.84501
1.84137
1.83767
1.8339
1.83006
1.82617
1.82221
1.81819
1.81411
1.80998
1.80578
1.80153
1.79723
1.79287
1.78845
1.78399
1.77947
1.7749
1.77028
1.76561
1.7609
1.75614
1.75133
1.74648
1.74158
1.73664
1.73165
1.72663
1.72156
1.71646
1.71131
1.70613
1.70091
1.69565
1.69035
1.68502
1.67966
1.67426
1.66883
1.66337
1.65787
1.65234
1.64679
1.6412
1.63558
1.62994
1.62426
1.61856
1.61284
1.60708
1.6013
1.5955
1.58967
1.58382
1.57794
1.57204
1.56612
1.56018
1.55421
1.54823
1.54222
1.5362
1.53015
1.52408
1.518
1.5119
1.50578
1.49964
1.49348
1.48731
1.48112
1.47492
1.4687
1.46246
1.45621
1.44994
1.44366
1.43737
1.43106
1.42474
1.4184
1.41206
1.4057
1.39932
1.39294
1.38654
1.38013
1.37371
1.36728
1.36084
1.35439
1.34792
1.34145
1.33497
1.32848
1.32197
1.31546
1.30894
1.30241
1.29587
1.28933
1.28277
1.27621
1.26963
1.26305
1.25647
1.24987
1.24327
1.23666
1.23004
1.22342
1.21678
1.21015
1.2035
1.19685
1.19019
1.18353
1.17686
1.17018
1.1635
1.15682
1.15012
1.14342
1.13672
1.13001
1.1233
1.11658
1.10985
1.10312
1.09639
1.08965
1.08291
1.07616
1.0694
1.06265
1.05589
1.04912
1.04235
1.03557
1.0288
1.02201
1.01523
1.00844
1.00164
0.994846
0.988045
0.98124
0.974432
0.96762
0.960805
0.953986
0.947164
0.940339
0.933511
0.926679
0.919845
0.913007
0.906166
0.899323
0.892476
0.885627
0.878775
0.87192
0.865062
0.858202
0.851339
0.844474
0.837606
0.830735
0.823862
0.816987
0.810109
0.803228
0.796346
0.789461
0.782573
0.775684
0.768792
0.761899
0.755003
0.748104
0.741204
0.734302
0.727398
0.720492
0.713583
0.706673
0.699761
0.692847
0.685932
0.679014
0.672095
0.665173
0.65825
0.651326
0.644399
0.637471
0.630542
0.62361
0.616677
0.609743
0.602807
0.595869
0.58893
0.581989
0.575047
0.568104
0.561159
0.554212
0.547265
0.540315
0.533365
0.526413
0.51946
0.512505
0.50555
0.498593
0.491634
0.484675
0.477714
0.470753
0.46379
0.456826
0.44986
0.442894
0.435927
0.428958
0.421989
0.415018
0.408047
0.401074
0.394101
0.387126
0.380151
0.373175
0.366197
0.359219
0.35224
0.345261
0.33828
0.331298
0.324316
0.317333
0.310349
0.303365
0.29638
0.289394
0.282407
0.275419
0.268431
0.261443
0.254453
0.247464
0.240473
0.233482
0.22649
0.219498
0.212505
0.205512
0.198518
0.191524
0.18453
0.177535
0.170539
0.163543
0.156547
0.14955
0.142553
0.135556
0.128558
0.12156
0.114562
0.107563
0.100564
0.0935651
0.0865658
0.0795662
0.0725665
0.0655666
0.0585666
0.0515664
0.0445661
0.0375657
0.0305652
0.0235646
0.016564
0.00956331
0.00256261
-0.00443809
-0.0114388
-0.0184394
-0.0254401
-0.0324406
-0.0394411
-0.0464415
-0.0534418
-0.0604419
-0.0674419
-0.0744418
-0.0814414
-0.0884409
-0.0954401
-0.102439
-0.109438
-0.116436
-0.123435
-0.130433
-0.13743
-0.144428
-0.151425
-0.158421
-0.165417
-0.172413
-0.179409
-0.186404
-0.193398
-0.200392
-0.207386
-0.214379
-0.221371
-0.228363
-0.235355
-0.242346
-0.249336
-0.256326
-0.263315
-0.270304
-0.277291
-0.284279
-0.291265
-0.298251
-0.305236
-0.31222
-0.319204
-0.326187
-0.333169
-0.34015
-0.34713
-0.35411
-0.361089
-0.368067
-0.375044
-0.38202
-0.388995
-0.395969
-0.402942
-0.409914
-0.416886
-0.423856
-0.430825
-0.437793
-0.44476
-0.451726
-0.458691
-0.465655
-0.472618
-0.479579
-0.48654
-0.493499
-0.500457
-0.507413
-0.514369
-0.521323
-0.528275
-0.535227
-0.542177
-0.549126
-0.556073
-0.563019
-0.569964
-0.576907
-0.583849
-0.590789
-0.597728
-0.604665
-0.611601
-0.618535
-0.625467
-0.632398
-0.639328
-0.646255
-0.653181
-0.660105
-0.667028
-0.673948
-0.680867
-0.687784
-0.6947
-0.701613
-0.708525
-0.715434
-0.722342
-0.729248
-0.736151
-0.743053
-0.749953
-0.75685
-0.763746
-0.770639
-0.77753
-0.784419
-0.791305
-0.79819
-0.805072
-0.811951
-0.818829
-0.825704
-0.832576
-0.839446
-0.846313
-0.853178
-0.86004
-0.8669
-0.873757
-0.880611
-0.887462
-0.894311
-0.901156
-0.907999
-0.914839
-0.921676
-0.92851
-0.93534
-0.942168
-0.948992
-0.955813
-0.962631
-0.969445
-0.976256
-0.983063
-0.989867
-0.996667
-1.00346
-1.01026
-1.01705
-1.02383
-1.03061
-1.03739
-1.04416
-1.05093
-1.0577
-1.06446
-1.07121
-1.07797
-1.08471
-1.09146
-1.09819
-1.10493
-1.11165
-1.11838
-1.1251
-1.13181
-1.13852
-1.14522
-1.15192
-1.15861
-1.16529
-1.17197
-1.17865
-1.18532
-1.19198
-1.19863
-1.20528
-1.21193
-1.21856
-1.22519
-1.23181
-1.23843
-1.24504
-1.25164
-1.25823
-1.26482
-1.27139
-1.27796
-1.28453
-1.29108
-1.29762
-1.30416
-1.31069
-1.31721
-1.32372
-1.33022
-1.33671
-1.34319
-1.34966
-1.35612
-1.36257
-1.36901
-1.37543
-1.38185
-1.38826
-1.39465
-1.40103
-1.4074
-1.41376
-1.4201
-1.42643
-1.43275
-1.43906
-1.44535
-1.45162
-1.45789
-1.46413
-1.47036
-1.47658
-1.48278
-1.48897
-1.49513
-1.50128
-1.50742
-1.51353
-1.51963
-1.52571
-1.53177
-1.53781
-1.54383
-1.54983
-1.55581
-1.56177
-1.56771
-1.57363
-1.57952
-1.58539
-1.59124
-1.59706
-1.60285
-1.60863
-1.61437
-1.62009
-1.62579
-1.63145
-1.63709
-1.6427
-1.64828
-1.65383
-1.65935
-1.66483
-1.67029
-1.67571
-1.6811
-1.68646
-1.69178
-1.69706
-1.70231
-1.70752
-1.71269
-1.71783
-1.72292
-1.72798
-1.73299
-1.73797
-1.7429
-1.74778
-1.75262
-1.75742
-1.76217
-1.76687
-1.77152
-1.77613
-1.78068
-1.78519
-1.78964
-1.79404
-1.79839
-1.80268
-1.80691
-1.81109
-1.81521
-1.81927
-1.82328
-1.82722
-1.8311
-1.83491
-1.83867
-1.84236
-1.84598
-1.84953
-1.85302
-1.85644
-1.85979
-1.86307
-1.86627
-1.86941
-1.87247
-1.87545
-1.87836
-1.88119
-1.88395
-1.88663
-1.88922
-1.89174
-1.89417
-1.89653
-1.8988
-1.90098
-1.90308
-1.9051
-1.90703
-1.90888
-1.91063
-1.9123
-1.91388
-1.91537
-1.91677
-1.91808
-1.9193
-1.92042
-1.92146
-1.9224
-1.92325
-1.924
-1.92467
-1.92524
-1.92571
-1.92609
-1.92638
-1.92657
-1.92667
-1.92667
-1.92658
-1.9264
-1.92612
-1.92574
-1.92527
-1.92471
-1.92405
-1.9233
-1.92246
-1.92153
-1.9205
-1.91938
-1.91817
-1.91686
-1.91547
-1.91399
-1.91241
-1.91075
-1.909
-1.90716
-1.90524
-1.90323
-1.90113
-1.89895
-1.89669
-1.89434
-1.89191
-1.8894
-1.88681
-1.88414
-1.88139
-1.87856
-1.87566
-1.87268
-1.86962
-1.8665
-1.8633
-1.86002
-1.85668
-1.85326
-1.84978
-1.84623
-1.84261
-1.83893
-1.83518
-1.83137
-1.82749
-1.82355
-1.81956
-1.8155
-1.81138
-1.80721
-1.80298
-1.79869
-1.79435
-1.78995
-1.7855
-1.781
-1.77645
-1.77185
-1.7672
-1.7625
-1.75775
-1.75296
-1.74812
-1.74324
-1.73831
-1.73334
-1.72833
-1.72328
-1.71819
-1.71306
-1.70788
-1.70268
-1.69743
-1.69215
-1.68683
-1.68148
-1.67609
-1.67067
-1.66522
-1.65973
-1.65422
-1.64867
-1.64309
-1.63748
-1.63185
-1.62618
-1.62049
-1.61478
-1.60903
-1.60326
-1.59746
-1.59164
-1.5858
-1.57993
-1.57404
-1.56813
-1.56219
-1.55623
-1.55025
-1.54425
-1.53823
-1.5322
-1.52614
-1.52006
-1.51396
-1.50785
-1.50171
-1.49557
-1.4894
-1.48322
-1.47702
-1.4708
-1.46457
-1.45832
-1.45206
-1.44579
-1.4395
-1.43319
-1.42688
-1.42055
-1.4142
-1.40785
-1.40148
-1.3951
-1.3887
-1.3823
-1.37588
-1.36946
-1.36302
-1.35657
-1.35011
-1.34364
-1.33716
-1.33067
-1.32417
-1.31766
-1.31115
-1.30462
-1.29808
-1.29154
-1.28499
-1.27842
-1.27186
-1.26528
-1.25869
-1.2521
-1.2455
-1.23889
-1.23228
-1.22566
-1.21903
-1.21239
-1.20575
-1.1991
-1.19244
-1.18578
-1.17912
-1.17244
-1.16576
-1.15908
-1.15239
-1.14569
-1.13899
-1.13228
-1.12557
-1.11885
-1.11213
-1.1054
-1.09867
-1.09193
-1.08519
-1.07844
-1.07169
-1.06493
-1.05817
-1.05141
-1.04464
-1.03786
-1.03109
-1.02431
-1.01752
-1.01073
-1.00394
-0.997144
-0.990344
-0.98354
-0.976733
-0.969923
-0.963109
-0.956291
-0.94947
-0.942646
-0.935819
-0.928989
-0.922155
-0.915318
-0.908479
-0.901636
-0.894791
-0.887942
-0.881091
-0.874237
-0.867381
-0.860521
-0.853659
-0.846795
-0.839927
-0.833058
-0.826185
-0.819311
-0.812434
-0.805554
-0.798672
-0.791788
-0.784902
-0.778013
-0.771122
-0.764229
-0.757334
-0.750436
-0.743537
-0.736635
-0.729732
-0.722826
-0.715919
-0.709009
-0.702098
-0.695185
-0.688269
-0.681352
-0.674434
-0.667513
-0.660591
-0.653667
-0.646741
-0.639813
-0.632884
-0.625953
-0.619021
-0.612087
-0.605151
-0.598214
-0.591276
-0.584336
-0.577394
-0.570451
-0.563506
-0.55656
-0.549613
-0.542664
-0.535714
-0.528763
-0.52181
-0.514856
-0.507901
-0.500944
-0.493986
-0.487027
-0.480067
-0.473106
-0.466143
-0.45918
-0.452215
-0.445249
-0.438282
-0.431314
-0.424345
-0.417374
-0.410403
-0.403431
-0.396458
-0.389484
-0.382509
-0.375533
-0.368556
-0.361578
-0.354599
-0.34762
-0.340639
-0.333658
-0.326676
-0.319694
-0.31271
-0.305726
-0.298741
-0.291755
-0.284768
-0.277781
-0.270794
-0.263805
-0.256816
-0.249826
-0.242836
-0.235845
-0.228854
-0.221862
-0.214869
-0.207876
-0.200882
-0.193888
-0.186894
-0.179899
-0.172904
-0.165908
-0.158912
-0.151915
-0.144918
-0.137921
-0.130923
-0.123925
-0.116927
-0.109929
-0.10293
-0.0959308
-0.0889316
-0.0819322
-0.0749325
-0.0679327
-0.0609327
-0.0539325
-0.0469323
-0.0399319
-0.0329314
-0.0259309
-0.0189303
-0.0119296
-0.0049289
0.0020718
0.0090725
0.0160732
0.0230738
0.0300744
0.0370749
0.0440753
0.0510756
0.0580758
0.0650759
0.0720758
0.0790755
0.086075
0.0930744
0.100073
0.107072
0.114071
0.121069
0.128067
0.135065
0.142062
0.14906
0.156056
0.163053
0.170049
0.177044
0.184039
0.191034
0.198028
0.205022
0.212015
0.219008
0.226
0.232992
0.239983
0.246973
0.253963
0.260953
0.267941
0.27493
0.281917
0.288904
0.29589
0.302875
0.30986
0.316844
0.323827
0.330809
0.33779
0.344771
0.351751
0.35873
0.365708
0.372685
0.379662
0.386637
0.393612
0.400585
0.407558
0.41453
0.4215
0.42847
0.435438
0.442406
0.449372
0.456337
0.463301
0.470264
0.477226
0.484187
0.491147
0.498105
0.505062
0.512018
0.518972
0.525926
0.532877
0.539828
0.546777
0.553725
0.560672
0.567617
0.574561
0.581503
0.588444
0.595383
0.60232
0.609257
0.616191
0.623124
0.630056
0.636986
0.643914
0.65084
0.657765
0.664688
0.671609
0.678529
0.685447
0.692363
0.699277
0.706189
0.713099
0.720007
0.726914
0.733818
0.74072
0.747621
0.754519
0.761415
0.768309
0.775201
0.782091
0.788978
0.795863
0.802746
0.809626
0.816504
0.82338
0.830253
0.837124
0.843992
0.850858
0.857721
0.864582
0.871439
0.878294
0.885147
0.891996
0.898843
0.905687
0.912527
0.919365
0.9262
0.933032
0.93986
0.946686
0.953508
0.960327
0.967142
0.973954
0.980763
0.987568
0.994369
1.00117
1.00796
1.01475
1.02154
1.02832
1.0351
1.04187
1.04864
1.05541
1.06217
1.06893
1.07568
1.08243
1.08918
1.09592
1.10265
1.10938
1.11611
1.12283
1.12954
1.13625
1.14295
1.14965
1.15635
1.16303
1.16972
1.17639
1.18306
1.18973
1.19638
1.20304
1.20968
1.21632
1.22295
1.22958
1.23619
1.2428
1.24941
1.256
1.26259
1.26917
1.27574
1.28231
1.28887
1.29541
1.30195
1.30848
1.315
1.32152
1.32802
1.33451
1.341
1.34747
1.35393
1.36039
1.36683
1.37326
1.37968
1.38609
1.39249
1.39888
1.40525
1.41161
1.41796
1.4243
1.43062
1.43693
1.44322
1.4495
1.45577
1.46202
1.46826
1.47448
1.48069
1.48688
1.49305
1.49921
1.50535
1.51147
1.51757
1.52366
1.52972
1.53577
1.5418
1.54781
1.5538
1.55976
1.56571
1.57163
1.57753
1.58341
1.58926
1.59509
1.6009
1.60668
1.61243
1.61816
1.62387
1.62954
1.63519
1.64081
1.6464
1.65195
1.65748
1.66298
1.66845
1.67388
1.67928
1.68465
1.68998
1.69528
1.70054
1.70576
1.71095
1.7161
1.72121
1.72628
1.7313
1.73629
1.74123
1.74613
1.75099
1.7558
1.76057
1.76529
1.76996
1.77458
1.77915
1.78367
1.78814
1.79256
1.79692
1.80123
1.80549
1.80968
1.81382
1.81791
1.82193
1.82589
1.82979
1.83363
1.83741
1.84112
1.84476
1.84834
1.85185
1.85529
1.85867
1.86197
1.8652
1.86836
1.87144
1.87445
1.87739
1.88025
1.88303
1.88573
1.88835
1.8909
1.89336
1.89574
1.89804
1.90025
1.90238
1.90443
1.90639
1.90826
1.91005
1.91175
1.91335
1.91487
1.91631
1.91765
1.91889
1.92005
1.92112
1.92209
1.92297
1.92376
1.92445
1.92505
1.92556
1.92597
1.92629
1.92652
1.92665
1.92668
1.92662
1.92647
1.92622
1.92588
1.92544
1.92491
1.92429
1.92357
1.92276
1.92185
1.92086
1.91977
1.91859
1.91731
1.91595
1.9145
1.91295
1.91132
1.9096
1.90779
1.9059
1.90392
1.90185
1.8997
1.89746
1.89514
1.89274
1.89026
1.88769
1.88505
1.88233
1.87953
1.87665
1.87369
1.87067
1.86756
1.86439
1.86114
1.85782
1.85443
1.85097
1.84744
1.84384
1.84018
1.83645
1.83266
1.82881
1.82489
1.82091
1.81688
1.81278
1.80862
1.80441
1.80014
1.79582
1.79144
1.78701
1.78253
1.77799
1.77341
1.76877
1.76409
1.75936
1.75458
1.74976
1.74489
1.73998
1.73503
1.73003
1.72499
1.71991
1.71479
1.70964
1.70444
1.69921
1.69394
1.68863
1.68329
1.67791
1.67251
1.66706
1.66159
1.65608
1.65055
1.64498
1.63938
1.63376
1.6281
1.62242
1.61671
1.61098
1.60521
1.59943
1.59361
1.58778
1.58192
1.57603
1.57013
1.5642
1.55825
1.55228
1.54628
1.54027
1.53424
1.52819
1.52211
1.51602
1.50992
1.50379
1.49765
1.49148
1.48531
1.47911
1.4729
1.46668
1.46044
1.45418
1.44791
1.44163
1.43533
1.42901
1.42269
1.41635
1.41
1.40363
1.39726
1.39087
1.38447
1.37805
1.37163
1.3652
1.35875
1.35229
1.34583
1.33935
1.33287
1.32637
1.31986
1.31335
1.30683
1.30029
1.29375
1.2872
1.28064
1.27408
1.2675
1.26092
1.25433
1.24773
1.24113
1.23451
1.22789
1.22127
1.21463
1.20799
1.20135
1.19469
1.18804
1.18137
1.1747
1.16802
1.16134
1.15465
1.14795
1.14125
1.13455
1.12784
1.12112
1.1144
1.10767
1.10094
1.09421
1.08747
1.08072
1.07397
1.06722
1.06046
1.05369
1.04693
1.04015
1.03338
1.0266
1.01982
1.01303
1.00624
0.999442
0.992643
0.985841
0.979035
0.972225
0.965412
0.958596
0.951776
0.944953
0.938127
0.931298
0.924465
0.91763
0.910791
0.903949
0.897105
0.890258
0.883407
0.876554
0.869699
0.86284
0.855979
0.849115
0.842249
0.83538
0.828509
0.821635
0.814758
0.80788
0.800999
0.794115
0.78723
0.780342
0.773451
0.766559
0.759665
0.752768
0.745869
0.738968
0.732065
0.725161
0.718254
0.711345
0.704434
0.697521
0.690607
0.683691
0.676772
0.669852
0.662931
0.656007
0.649082
0.642155
0.635226
0.628296
0.621364
0.614431
0.607496
0.600559
0.593621
0.586682
0.57974
0.572798
0.565854
0.558908
0.551961
0.545013
0.538064
0.531113
0.52416
0.517207
0.510252
0.503296
0.496338
0.48938
0.48242
0.475459
0.468497
0.461534
0.454569
0.447604
0.440637
0.433669
0.4267
0.419731
0.41276
0.405788
0.398815
0.391841
0.384866
0.377891
0.370914
0.363937
0.356958
0.349979
0.342999
0.336018
0.329036
0.322054
0.315071
0.308087
0.301102
0.294116
0.28713
0.280143
0.273156
0.266167
0.259178
0.252189
0.245199
0.238208
0.231217
0.224225
0.217233
0.21024
0.203246
0.196253
0.189258
0.182263
0.175268
0.168273
0.161276
0.15428
0.147283
0.140286
0.133289
0.126291
0.119293
0.112294
0.105296
0.0982966
0.0912974
0.084298
0.0772985
0.0702987
0.0632987
0.0562987
0.0492984
0.0422981
0.0352976
0.0282971
0.0212965
0.0142959
0.00729519
0.000294487
-0.00670621
-0.0137069
-0.0207075
-0.0277082
-0.0347087
-0.0417091
-0.0487095
-0.0557097
-0.0627098
-0.0697098
-0.0767096
-0.0837092
-0.0907086
-0.0977078
-0.104707
-0.111705
-0.118704
-0.125702
-0.1327
-0.139697
-0.146695
-0.153691
-0.160688
-0.167684
-0.17468
-0.181675
-0.18867
-0.195664
-0.202658
-0.209651
-0.216644
-0.223637
-0.230629
-0.23762
-0.244611
-0.251601
-0.25859
-0.265579
-0.272568
-0.279555
-0.286542
-0.293528
-0.300514
-0.307499
-0.314483
-0.321466
-0.328449
-0.335431
-0.342412
-0.349392
-0.356371
-0.36335
-0.370327
-0.377304
-0.38428
-0.391254
-0.398228
-0.405201
-0.412173
-0.419144
-0.426114
-0.433083
-0.440051
-0.447017
-0.453983
-0.460948
-0.467911
-0.474873
-0.481834
-0.488794
-0.495753
-0.502711
-0.509667
-0.516622
-0.523575
-0.530528
-0.537479
-0.544429
-0.551377
-0.558324
-0.56527
-0.572214
-0.579156
-0.586098
-0.593037
-0.599976
-0.606912
-0.613848
-0.620781
-0.627713
-0.634643
-0.641572
-0.648499
-0.655425
-0.662348
-0.66927
-0.67619
-0.683109
-0.690025
-0.69694
-0.703853
-0.710764
-0.717673
-0.72458
-0.731485
-0.738388
-0.745289
-0.752188
-0.759084
-0.765979
-0.772872
-0.779762
-0.78665
-0.793536
-0.80042
-0.807301
-0.81418
-0.821056
-0.82793
-0.834802
-0.841671
-0.848538
-0.855402
-0.862263
-0.869122
-0.875978
-0.882831
-0.889681
-0.896529
-0.903374
-0.910216
-0.917054
-0.92389
-0.930723
-0.937553
-0.944379
-0.951202
-0.958022
-0.964839
-0.971652
-0.978462
-0.985268
-0.992071
-0.99887
-1.00567
-1.01246
-1.01924
-1.02603
-1.03281
-1.03958
-1.04636
-1.05312
-1.05989
-1.06665
-1.0734
-1.08015
-1.0869
-1.09364
-1.10038
-1.10711
-1.11383
-1.12056
-1.12727
-1.13398
-1.14069
-1.14739
-1.15409
-1.16077
-1.16746
-1.17414
-1.18081
-1.18747
-1.19413
-1.20079
-1.20744
-1.21408
-1.22071
-1.22734
-1.23396
-1.24057
-1.24718
-1.25377
-1.26037
-1.26695
-1.27352
-1.28009
-1.28665
-1.2932
-1.29974
-1.30628
-1.3128
-1.31932
-1.32582
-1.33232
-1.33881
-1.34528
-1.35175
-1.35821
-1.36465
-1.37109
-1.37751
-1.38393
-1.39033
-1.39672
-1.4031
-1.40946
-1.41581
-1.42216
-1.42848
-1.4348
-1.4411
-1.44738
-1.45365
-1.45991
-1.46615
-1.47238
-1.47859
-1.48479
-1.49097
-1.49713
-1.50327
-1.5094
-1.51551
-1.5216
-1.52768
-1.53373
-1.53976
-1.54578
-1.55177
-1.55775
-1.5637
-1.56963
-1.57554
-1.58142
-1.58729
-1.59312
-1.59894
-1.60473
-1.61049
-1.61623
-1.62194
-1.62763
-1.63328
-1.63891
-1.64451
-1.65008
-1.65562
-1.66113
-1.6666
-1.67205
-1.67746
-1.68284
-1.68818
-1.69349
-1.69877
-1.704
-1.7092
-1.71436
-1.71948
-1.72457
-1.72961
-1.73461
-1.73957
-1.74448
-1.74935
-1.75418
-1.75896
-1.7637
-1.76838
-1.77302
-1.77761
-1.78215
-1.78664
-1.79107
-1.79545
-1.79978
-1.80406
-1.80827
-1.81243
-1.81653
-1.82058
-1.82456
-1.82848
-1.83234
-1.83614
-1.83987
-1.84354
-1.84714
-1.85067
-1.85414
-1.85753
-1.86086
-1.86411
-1.8673
-1.87041
-1.87344
-1.8764
-1.87929
-1.8821
-1.88482
-1.88748
-1.89005
-1.89254
-1.89494
-1.89727
-1.89951
-1.90167
-1.90375
-1.90574
-1.90764
-1.90945
-1.91118
-1.91282
-1.91437
-1.91583
-1.9172
-1.91848
-1.91967
-1.92077
-1.92177
-1.92268
-1.9235
-1.92423
-1.92486
-1.9254
-1.92585
-1.9262
-1.92645
-1.92661
-1.92668
-1.92665
-1.92653
-1.92632
-1.92601
-1.9256
-1.9251
-1.92451
-1.92382
-1.92304
-1.92217
-1.9212
-1.92014
-1.91899
-1.91775
-1.91642
-1.915
-1.91349
-1.91188
-1.91019
-1.90842
-1.90655
-1.9046
-1.90256
-1.90044
-1.89823
-1.89594
-1.89356
-1.89111
-1.88857
-1.88595
-1.88326
-1.88048
-1.87763
-1.8747
-1.8717
-1.86862
-1.86547
-1.86224
-1.85895
-1.85558
-1.85214
-1.84864
-1.84506
-1.84143
-1.83772
-1.83395
-1.83012
-1.82622
-1.82227
-1.81825
-1.81417
-1.81004
-1.80584
-1.80159
-1.79729
-1.79293
-1.78852
-1.78405
-1.77953
-1.77496
-1.77035
-1.76568
-1.76097
-1.7562
-1.7514
-1.74654
-1.74165
-1.73671
-1.73172
-1.7267
-1.72163
-1.71653
-1.71138
-1.7062
-1.70098
-1.69572
-1.69043
-1.6851
-1.67974
-1.67434
-1.66891
-1.66344
-1.65795
-1.65242
-1.64686
-1.64128
-1.63566
-1.63002
-1.62434
-1.61864
-1.61292
-1.60716
-1.60139
-1.59558
-1.58975
-1.5839
-1.57803
-1.57213
-1.56621
-1.56026
-1.5543
-1.54831
-1.54231
-1.53628
-1.53023
-1.52417
-1.51809
-1.51198
-1.50586
-1.49972
-1.49357
-1.4874
-1.48121
-1.475
-1.46878
-1.46255
-1.4563
-1.45003
-1.44375
-1.43746
-1.43115
-1.42483
-1.41849
-1.41215
-1.40578
-1.39941
-1.39303
-1.38663
-1.38022
-1.3738
-1.36737
-1.36093
-1.35448
-1.34802
-1.34154
-1.33506
-1.32857
-1.32206
-1.31555
-1.30903
-1.3025
-1.29596
-1.28942
-1.28286
-1.2763
-1.26973
-1.26315
-1.25656
-1.24996
-1.24336
-1.23675
-1.23013
-1.22351
-1.21688
-1.21024
-1.2036
-1.19694
-1.19029
-1.18362
-1.17695
-1.17028
-1.1636
-1.15691
-1.15022
-1.14352
-1.13681
-1.13011
-1.12339
-1.11667
-1.10995
-1.10322
-1.09648
-1.08974
-1.083
-1.07625
-1.0695
-1.06274
-1.05598
-1.04921
-1.04244
-1.03567
-1.02889
-1.02211
-1.01532
-1.00853
-1.00174
-0.994941
-0.98814
-0.981335
-0.974527
-0.967715
-0.9609
-0.954082
-0.94726
-0.940435
-0.933606
-0.926775
-0.91994
-0.913103
-0.906262
-0.899419
-0.892572
-0.885723
-0.878871
-0.872016
-0.865159
-0.858298
-0.851436
-0.84457
-0.837702
-0.830831
-0.823958
-0.817083
-0.810205
-0.803325
-0.796442
-0.789557
-0.78267
-0.775781
-0.768889
-0.761995
-0.755099
-0.748201
-0.741301
-0.734399
-0.727495
-0.720588
-0.71368
-0.70677
-0.699858
-0.692944
-0.686029
-0.679111
-0.672192
-0.66527
-0.658348
-0.651423
-0.644497
-0.637569
-0.630639
-0.623708
-0.616775
-0.60984
-0.602904
-0.595966
-0.589027
-0.582087
-0.575145
-0.568201
-0.561256
-0.55431
-0.547362
-0.540413
-0.533462
-0.52651
-0.519557
-0.512603
-0.505647
-0.49869
-0.491732
-0.484773
-0.477812
-0.47085
-0.463887
-0.456923
-0.449958
-0.442992
-0.436024
-0.429056
-0.422086
-0.415116
-0.408144
-0.401172
-0.394199
-0.387224
-0.380249
-0.373272
-0.366295
-0.359317
-0.352338
-0.345358
-0.338378
-0.331396
-0.324414
-0.317431
-0.310447
-0.303463
-0.296477
-0.289491
-0.282505
-0.275517
-0.268529
-0.261541
-0.254551
-0.247562
-0.240571
-0.23358
-0.226588
-0.219596
-0.212603
-0.20561
-0.198617
-0.191622
-0.184628
-0.177633
-0.170637
-0.163641
-0.156645
-0.149648
-0.142651
-0.135654
-0.128656
-0.121658
-0.11466
-0.107661
-0.100662
-0.0936632
-0.0866639
-0.0796644
-0.0726647
-0.0656648
-0.0586648
-0.0516646
-0.0446643
-0.0376639
-0.0306634
-0.0236628
-0.0166621
-0.00966147
-0.00266078
0.00433993
0.0113406
0.0183413
0.0253419
0.0323425
0.0393429
0.0463433
0.0533436
0.0603438
0.0673438
0.0743436
0.0813433
0.0883427
0.095342
0.102341
0.10934
0.116338
0.123337
0.130335
0.137332
0.144329
0.151326
0.158323
0.165319
0.172315
0.17931
0.186305
0.1933
0.200294
0.207288
0.214281
0.221273
0.228265
0.235257
0.242248
0.249238
0.256228
0.263217
0.270206
0.277193
0.284181
0.291167
0.298153
0.305138
0.312122
0.319106
0.326089
0.333071
0.340052
0.347033
0.354012
0.360991
0.367969
0.374946
0.381922
0.388897
0.395871
0.402844
0.409817
0.416788
0.423758
0.430727
0.437696
0.444663
0.451629
0.458594
0.465557
0.47252
0.479482
0.486442
0.493401
0.500359
0.507316
0.514271
0.521225
0.528178
0.53513
0.54208
0.549029
0.555976
0.562922
0.569867
0.57681
0.583752
0.590692
0.597631
0.604568
0.611504
0.618438
0.62537
0.632301
0.63923
0.646158
0.653084
0.660008
0.666931
0.673851
0.68077
0.687688
0.694603
0.701516
0.708428
0.715337
0.722245
0.729151
0.736055
0.742956
0.749856
0.756753
0.763649
0.770542
0.777433
0.784322
0.791209
0.798093
0.804975
0.811855
0.818732
0.825607
0.83248
0.83935
0.846217
0.853082
0.859944
0.866804
0.873661
0.880515
0.887366
0.894215
0.90106
0.907903
0.914743
0.92158
0.928414
0.935244
0.942072
0.948896
0.955717
0.962535
0.969349
0.97616
0.982968
0.989772
0.996572
1.00337
1.01016
1.01695
1.02374
1.03052
1.03729
1.04407
1.05084
1.0576
1.06436
1.07112
1.07787
1.08462
1.09136
1.0981
1.10483
1.11156
1.11828
1.125
1.13172
1.13842
1.14513
1.15182
1.15851
1.1652
1.17188
1.17855
1.18522
1.19188
1.19854
1.20519
1.21183
1.21847
1.2251
1.23172
1.23834
1.24494
1.25155
1.25814
1.26472
1.2713
1.27787
1.28443
1.29099
1.29753
1.30407
1.3106
1.31712
1.32363
1.33013
1.33662
1.3431
1.34957
1.35603
1.36248
1.36892
1.37534
1.38176
1.38817
1.39456
1.40094
1.40731
1.41367
1.42001
1.42635
1.43266
1.43897
1.44526
1.45154
1.4578
1.46404
1.47028
1.47649
1.48269
1.48888
1.49505
1.5012
1.50733
1.51345
1.51955
1.52563
1.53169
1.53773
1.54375
1.54975
1.55573
1.56169
1.56763
1.57354
1.57944
1.58531
1.59115
1.59698
1.60277
1.60855
1.61429
1.62001
1.62571
1.63137
1.63701
1.64262
1.6482
1.65375
1.65927
1.66476
1.67021
1.67564
1.68103
1.68638
1.6917
1.69699
1.70224
1.70745
1.71262
1.71776
1.72285
1.72791
1.73292
1.7379
1.74283
1.74771
1.75255
1.75735
1.7621
1.7668
1.77146
1.77606
1.78062
1.78513
1.78958
1.79398
1.79833
1.80262
1.80685
1.81103
1.81515
1.81922
1.82322
1.82716
1.83104
1.83486
1.83861
1.8423
1.84593
1.84948
1.85297
1.85639
1.85974
1.86302
1.86623
1.86936
1.87243
1.87541
1.87832
1.88115
1.88391
1.88659
1.88919
1.8917
1.89414
1.89649
1.89877
1.90095
1.90306
1.90507
1.90701
1.90885
1.91061
1.91228
1.91386
1.91535
1.91675
1.91806
1.91928
1.92041
1.92144
1.92239
1.92324
1.92399
1.92466
1.92523
1.92571
1.92609
1.92638
1.92657
1.92667
1.92667
1.92658
1.9264
1.92612
1.92575
1.92528
1.92472
1.92406
1.92332
1.92247
1.92154
1.92051
1.91939
1.91818
1.91688
1.91549
1.91401
1.91244
1.91078
1.90903
1.90719
1.90527
1.90326
1.90116
1.89898
1.89672
1.89437
1.89195
1.88944
1.88685
1.88418
1.88143
1.8786
1.8757
1.87272
1.86967
1.86654
1.86334
1.86007
1.85672
1.85331
1.84983
1.84628
1.84266
1.83898
1.83523
1.83142
1.82755
1.82361
1.81961
1.81556
1.81144
1.80727
1.80304
1.79875
1.79441
1.79001
1.78556
1.78106
1.77651
1.77191
1.76726
1.76256
1.75782
1.75303
1.74819
1.74331
1.73838
1.73341
1.7284
1.72335
1.71826
1.71313
1.70796
1.70275
1.6975
1.69222
1.6869
1.68155
1.67617
1.67075
1.66529
1.65981
1.65429
1.64875
1.64317
1.63756
1.63193
1.62626
1.62057
1.61486
1.60911
1.60334
1.59755
1.59173
1.58588
1.58001
1.57412
1.56821
1.56227
1.55632
1.55034
1.54434
1.53832
1.53228
1.52622
1.52014
1.51405
1.50793
1.5018
1.49565
1.48949
1.4833
1.4771
1.47089
1.46466
1.45841
1.45215
1.44588
1.43959
1.43328
1.42697
1.42064
1.41429
1.40794
1.40157
1.39519
1.38879
1.38239
1.37597
1.36955
1.36311
1.35666
1.3502
1.34373
1.33725
1.33076
1.32426
1.31776
1.31124
1.30471
1.29818
1.29163
1.28508
1.27852
1.27195
1.26537
1.25879
1.25219
1.24559
1.23898
1.23237
1.22575
1.21912
1.21248
1.20584
1.19919
1.19254
1.18588
1.17921
1.17254
1.16586
1.15917
1.15248
1.14578
1.13908
1.13237
1.12566
1.11894
1.11222
1.10549
1.09876
1.09202
1.08528
1.07853
1.07178
1.06503
1.05827
1.0515
1.04473
1.03796
1.03118
1.0244
1.01762
1.01083
1.00404
0.997239
0.990439
0.983636
0.976829
0.970018
0.963204
0.956387
0.949566
0.942742
0.935915
0.929084
0.922251
0.915414
0.908575
0.901732
0.894887
0.888039
0.881187
0.874333
0.867477
0.860618
0.853756
0.846891
0.840024
0.833154
0.826282
0.819407
0.81253
0.805651
0.798769
0.791885
0.784998
0.77811
0.771219
0.764326
0.75743
0.750533
0.743634
0.736732
0.729829
0.722923
0.716016
0.709106
0.702195
0.695281
0.688366
0.681449
0.674531
0.66761
0.660688
0.653764
0.646838
0.63991
0.632981
0.626051
0.619118
0.612184
0.605249
0.598312
0.591373
0.584433
0.577491
0.570548
0.563604
0.556658
0.54971
0.542762
0.535812
0.52886
0.521908
0.514954
0.507998
0.501042
0.494084
0.487125
0.480165
0.473203
0.466241
0.459277
0.452312
0.445347
0.43838
0.431411
0.424442
0.417472
0.410501
0.403529
0.396556
0.389582
0.382607
0.375631
0.368654
0.361676
0.354697
0.347718
0.340737
0.333756
0.326774
0.319791
0.312808
0.305824
0.298839
0.291853
0.284866
0.277879
0.270891
0.263903
0.256914
0.249924
0.242934
0.235943
0.228952
0.22196
0.214967
0.207974
0.200981
0.193987
0.186992
0.179997
0.173002
0.166006
0.15901
0.152013
0.145016
0.138019
0.131021
0.124023
0.117025
0.110027
0.103028
0.096029
0.0890297
0.0820303
0.0750307
0.0680308
0.0610308
0.0540307
0.0470304
0.0400301
0.0330296
0.026029
0.0190284
0.0120278
0.00502706
-0.00197364
-0.00897434
-0.015975
-0.0229756
-0.0299762
-0.0369767
-0.0439772
-0.0509775
-0.0579777
-0.0649777
-0.0719776
-0.0789774
-0.0859769
-0.0929762
-0.0999753
-0.106974
-0.113973
-0.120971
-0.127969
-0.134967
-0.141964
-0.148961
-0.155958
-0.162955
-0.16995
-0.176946
-0.183941
-0.190936
-0.19793
-0.204924
-0.211917
-0.21891
-0.225902
-0.232894
-0.239885
-0.246875
-0.253865
-0.260855
-0.267843
-0.274832
-0.281819
-0.288806
-0.295792
-0.302777
-0.309762
-0.316746
-0.323729
-0.330711
-0.337693
-0.344673
-0.351653
-0.358632
-0.36561
-0.372588
-0.379564
-0.386539
-0.393514
-0.400488
-0.40746
-0.414432
-0.421402
-0.428372
-0.43534
-0.442308
-0.449274
-0.45624
-0.463204
-0.470167
-0.477129
-0.484089
-0.491049
-0.498007
-0.504964
-0.51192
-0.518875
-0.525828
-0.53278
-0.539731
-0.54668
-0.553628
-0.560574
-0.567519
-0.574463
-0.581405
-0.588346
-0.595285
-0.602223
-0.609159
-0.616094
-0.623027
-0.629959
-0.636888
-0.643817
-0.650743
-0.657668
-0.664591
-0.671512
-0.678432
-0.68535
-0.692266
-0.69918
-0.706092
-0.713002
-0.719911
-0.726817
-0.733721
-0.740624
-0.747524
-0.754422
-0.761318
-0.768212
-0.775104
-0.781994
-0.788881
-0.795767
-0.802649
-0.80953
-0.816408
-0.823284
-0.830157
-0.837028
-0.843896
-0.850762
-0.857625
-0.864485
-0.871343
-0.878198
-0.885051
-0.8919
-0.898747
-0.905591
-0.912432
-0.919269
-0.926104
-0.932936
-0.939765
-0.94659
-0.953412
-0.960231
-0.967047
-0.973859
-0.980667
-0.987472
-0.994274
-1.00107
-1.00787
-1.01466
-1.02144
-1.02823
-1.035
-1.04178
-1.04855
-1.05532
-1.06208
-1.06884
-1.07559
-1.08234
-1.08908
-1.09582
-1.10256
-1.10929
-1.11601
-1.12273
-1.12945
-1.13616
-1.14286
-1.14956
-1.15625
-1.16294
-1.16962
-1.1763
-1.18297
-1.18963
-1.19629
-1.20294
-1.20959
-1.21623
-1.22286
-1.22948
-1.2361
-1.24271
-1.24931
-1.25591
-1.2625
-1.26908
-1.27565
-1.28222
-1.28877
-1.29532
-1.30186
-1.30839
-1.31491
-1.32143
-1.32793
-1.33442
-1.34091
-1.34738
-1.35384
-1.3603
-1.36674
-1.37317
-1.37959
-1.386
-1.3924
-1.39879
-1.40516
-1.41152
-1.41787
-1.42421
-1.43053
-1.43684
-1.44313
-1.44942
-1.45568
-1.46193
-1.46817
-1.47439
-1.4806
-1.48679
-1.49296
-1.49912
-1.50526
-1.51138
-1.51749
-1.52357
-1.52964
-1.53569
-1.54172
-1.54772
-1.55371
-1.55968
-1.56562
-1.57155
-1.57745
-1.58333
-1.58918
-1.59501
-1.60082
-1.6066
-1.61235
-1.61808
-1.62379
-1.62946
-1.63511
-1.64073
-1.64632
-1.65188
-1.65741
-1.66291
-1.66837
-1.67381
-1.67921
-1.68457
-1.68991
-1.6952
-1.70047
-1.70569
-1.71088
-1.71603
-1.72114
-1.7262
-1.73123
-1.73622
-1.74116
-1.74607
-1.75092
-1.75573
-1.7605
-1.76522
-1.76989
-1.77451
-1.77909
-1.78361
-1.78808
-1.7925
-1.79686
-1.80117
-1.80543
-1.80963
-1.81377
-1.81785
-1.82187
-1.82584
-1.82974
-1.83358
-1.83735
-1.84106
-1.84471
-1.84829
-1.8518
-1.85524
-1.85862
-1.86192
-1.86515
-1.86831
-1.8714
-1.87441
-1.87735
-1.88021
-1.88299
-1.88569
-1.88832
-1.89086
-1.89333
-1.89571
-1.89801
-1.90022
-1.90235
-1.9044
-1.90636
-1.90824
-1.91002
-1.91172
-1.91333
-1.91485
-1.91629
-1.91763
-1.91888
-1.92004
-1.9211
-1.92208
-1.92296
-1.92375
-1.92444
-1.92505
-1.92556
-1.92597
-1.92629
-1.92652
-1.92665
-1.92668
-1.92662
-1.92647
-1.92623
-1.92588
-1.92545
-1.92492
-1.9243
-1.92358
-1.92277
-1.92187
-1.92087
-1.91978
-1.9186
-1.91733
-1.91597
-1.91452
-1.91298
-1.91135
-1.90963
-1.90782
-1.90593
-1.90395
-1.90188
-1.89973
-1.8975
-1.89518
-1.89278
-1.89029
-1.88773
-1.88509
-1.88237
-1.87957
-1.87669
-1.87374
-1.87071
-1.86761
-1.86443
-1.86118
-1.85786
-1.85447
-1.85101
-1.84749
-1.84389
-1.84023
-1.83651
-1.83272
-1.82886
-1.82495
-1.82097
-1.81693
-1.81284
-1.80868
-1.80447
-1.8002
-1.79588
-1.7915
-1.78707
-1.78259
-1.77806
-1.77347
-1.76884
-1.76416
-1.75943
-1.75465
-1.74983
-1.74496
-1.74005
-1.7351
-1.7301
-1.72506
-1.71999
-1.71487
-1.70971
-1.70451
-1.69928
-1.69401
-1.68871
-1.68337
-1.67799
-1.67258
-1.66714
-1.66167
-1.65616
-1.65062
-1.64506
-1.63946
-1.63384
-1.62818
-1.6225
-1.61679
-1.61106
-1.60529
-1.59951
-1.5937
-1.58786
-1.582
-1.57612
-1.57021
-1.56428
-1.55833
-1.55236
-1.54637
-1.54036
-1.53432
-1.52827
-1.5222
-1.51611
-1.51
-1.50388
-1.49773
-1.49157
-1.48539
-1.4792
-1.47299
-1.46677
-1.46052
-1.45427
-1.448
-1.44171
-1.43541
-1.4291
-1.42278
-1.41644
-1.41009
-1.40372
-1.39734
-1.39096
-1.38456
-1.37814
-1.37172
-1.36529
-1.35884
-1.35239
-1.34592
-1.33944
-1.33296
-1.32646
-1.31996
-1.31344
-1.30692
-1.30039
-1.29384
-1.28729
-1.28074
-1.27417
-1.26759
-1.26101
-1.25442
-1.24782
-1.24122
-1.23461
-1.22799
-1.22136
-1.21473
-1.20809
-1.20144
-1.19479
-1.18813
-1.18146
-1.17479
-1.16811
-1.16143
-1.15474
-1.14805
-1.14135
-1.13464
-1.12793
-1.12121
-1.11449
-1.10777
-1.10104
-1.0943
-1.08756
-1.08081
-1.07406
-1.06731
-1.06055
-1.05379
-1.04702
-1.04025
-1.03347
-1.02669
-1.01991
-1.01312
-1.00633
-0.999537
-0.992738
-0.985936
-0.97913
-0.972321
-0.965508
-0.958691
-0.951872
-0.945049
-0.938223
-0.931393
-0.924561
-0.917725
-0.910887
-0.904045
-0.897201
-0.890354
-0.883503
-0.87665
-0.869795
-0.862936
-0.856075
-0.849212
-0.842345
-0.835476
-0.828605
-0.821731
-0.814855
-0.807976
-0.801095
-0.794212
-0.787326
-0.780438
-0.773548
-0.766656
-0.759761
-0.752865
-0.745966
-0.739065
-0.732162
-0.725257
-0.718351
-0.711442
-0.704531
-0.697618
-0.690704
-0.683788
-0.676869
-0.669949
-0.663028
-0.656104
-0.649179
-0.642252
-0.635324
-0.628393
-0.621462
-0.614528
-0.607593
-0.600657
-0.593718
-0.586779
-0.579838
-0.572895
-0.565951
-0.559006
-0.552059
-0.545111
-0.538161
-0.53121
-0.524258
-0.517304
-0.510349
-0.503393
-0.496436
-0.489477
-0.482518
-0.475557
-0.468594
-0.461631
-0.454667
-0.447701
-0.440735
-0.433767
-0.426798
-0.419828
-0.412857
-0.405886
-0.398913
-0.391939
-0.384964
-0.377989
-0.371012
-0.364035
-0.357056
-0.350077
-0.343097
-0.336116
-0.329134
-0.322152
-0.315168
-0.308184
-0.3012
-0.294214
-0.287228
-0.280241
-0.273253
-0.266265
-0.259276
-0.252287
-0.245297
-0.238306
-0.231315
-0.224323
-0.217331
-0.210338
-0.203344
-0.196351
-0.189356
-0.182361
-0.175366
-0.168371
-0.161375
-0.154378
-0.147381
-0.140384
-0.133387
-0.126389
-0.119391
-0.112392
-0.105394
-0.0983947
-0.0913956
-0.0843962
-0.0773966
-0.0703968
-0.0633969
-0.0563968
-0.0493966
-0.0423962
-0.0353958
-0.0283953
-0.0213947
-0.014394
-0.00739335
-0.000392649
0.00660805
0.0136087
0.0206094
0.02761
0.0346105
0.041611
0.0486113
0.0556116
0.0626117
0.0696116
0.0766114
0.083611
0.0906104
0.0976096
0.104609
0.111607
0.118606
0.125604
0.132602
0.139599
0.146596
0.153593
0.16059
0.167586
0.174582
0.181577
0.188572
0.195566
0.20256
0.209553
0.216546
0.223539
0.230531
0.237522
0.244513
0.251503
0.258492
0.265481
0.27247
0.279457
0.286444
0.293431
0.300416
0.307401
0.314385
0.321368
0.328351
0.335333
0.342314
0.349294
0.356273
0.363252
0.370229
0.377206
0.384182
0.391157
0.398131
0.405103
0.412075
0.419046
0.426016
0.432985
0.439953
0.44692
0.453885
0.46085
0.467813
0.474776
0.481737
0.488697
0.495655
0.502613
0.509569
0.516524
0.523478
0.53043
0.537381
0.544331
0.55128
0.558227
0.565172
0.572116
0.579059
0.586
0.59294
0.599878
0.606815
0.61375
0.620684
0.627616
0.634546
0.641475
0.648402
0.655328
0.662251
0.669173
0.676093
0.683012
0.689928
0.696843
0.703756
0.710667
0.717576
0.724483
0.731388
0.738291
0.745192
0.752091
0.758988
0.765882
0.772775
0.779665
0.786554
0.79344
0.800323
0.807204
0.814083
0.82096
0.827834
0.834706
0.841575
0.848441
0.855305
0.862167
0.869026
0.875882
0.882735
0.889585
0.896433
0.903278
0.91012
0.916958
0.923794
0.930627
0.937457
0.944283
0.951107
0.957927
0.964743
0.971556
0.978366
0.985173
0.991975
0.998775
1.00557
1.01236
1.01915
1.02593
1.03271
1.03949
1.04626
1.05303
1.05979
1.06655
1.07331
1.08006
1.0868
1.09354
1.10028
1.10701
1.11374
1.12046
1.12718
1.13389
1.1406
1.1473
1.15399
1.16068
1.16736
1.17404
1.18072
1.18738
1.19404
1.2007
1.20734
1.21398
1.22062
1.22724
1.23386
1.24048
1.24708
1.25368
1.26027
1.26686
1.27343
1.28
1.28656
1.29311
1.29965
1.30619
1.31271
1.31923
1.32573
1.33223
1.33872
1.34519
1.35166
1.35812
1.36456
1.371
1.37742
1.38384
1.39024
1.39663
1.40301
1.40937
1.41573
1.42207
1.42839
1.43471
1.44101
1.44729
1.45357
1.45982
1.46607
1.47229
1.4785
1.4847
1.49088
1.49704
1.50319
1.50932
1.51543
1.52152
1.52759
1.53365
1.53968
1.5457
1.55169
1.55766
1.56362
1.56955
1.57546
1.58134
1.5872
1.59304
1.59886
1.60465
1.61041
1.61615
1.62186
1.62755
1.6332
1.63883
1.64443
1.65
1.65554
1.66105
1.66653
1.67197
1.67739
1.68276
1.68811
1.69342
1.69869
1.70393
1.70913
1.71429
1.71941
1.7245
1.72954
1.73454
1.7395
1.74441
1.74929
1.75411
1.75889
1.76363
1.76832
1.77296
1.77755
1.78209
1.78657
1.79101
1.79539
1.79972
1.804
1.80821
1.81237
1.81648
1.82052
1.8245
1.82843
1.83229
1.83608
1.83982
1.84349
1.84709
1.85062
1.85409
1.85749
1.86081
1.86407
1.86725
1.87036
1.8734
1.87636
1.87925
1.88206
1.88479
1.88744
1.89001
1.8925
1.89491
1.89724
1.89948
1.90164
1.90372
1.90571
1.90761
1.90943
1.91116
1.9128
1.91435
1.91581
1.91718
1.91846
1.91965
1.92075
1.92176
1.92267
1.92349
1.92422
1.92485
1.92539
1.92584
1.92619
1.92645
1.92661
1.92668
1.92666
1.92653
1.92632
1.92601
1.92561
1.92511
1.92452
1.92383
1.92305
1.92218
1.92122
1.92016
1.91901
1.91777
1.91644
1.91502
1.91351
1.91191
1.91022
1.90844
1.90658
1.90463
1.90259
1.90047
1.89826
1.89597
1.8936
1.89114
1.88861
1.88599
1.8833
1.88052
1.87767
1.87474
1.87174
1.86866
1.86551
1.86229
1.85899
1.85563
1.85219
1.84869
1.84512
1.84148
1.83777
1.834
1.83017
1.82628
1.82232
1.8183
1.81423
1.81009
1.8059
1.80165
1.79735
1.79299
1.78858
1.78411
1.7796
1.77503
1.77041
1.76575
1.76103
1.75627
1.75147
1.74661
1.74172
1.73678
1.7318
1.72677
1.72171
1.7166
1.71146
1.70627
1.70105
1.6958
1.6905
1.68517
1.67981
1.67441
1.66898
1.66352
1.65803
1.6525
1.64694
1.64136
1.63574
1.6301
1.62442
1.61872
1.613
1.60724
1.60147
1.59566
1.58984
1.58398
1.57811
1.57221
1.56629
1.56035
1.55438
1.5484
1.54239
1.53636
1.53032
1.52425
1.51817
1.51207
1.50595
1.49981
1.49366
1.48748
1.4813
1.47509
1.46887
1.46264
1.45638
1.45012
1.44384
1.43755
1.43124
1.42492
1.41858
1.41223
1.40587
1.3995
1.39312
1.38672
1.38031
1.37389
1.36746
1.36102
1.35457
1.34811
1.34163
1.33515
1.32866
1.32216
1.31564
1.30912
1.30259
1.29606
1.28951
1.28295
1.27639
1.26982
1.26324
1.25665
1.25006
1.24345
1.23684
1.23023
1.2236
1.21697
1.21033
1.20369
1.19704
1.19038
1.18372
1.17705
1.17037
1.16369
1.157
1.15031
1.14361
1.13691
1.1302
1.12349
1.11677
1.11004
1.10331
1.09658
1.08984
1.08309
1.07635
1.06959
1.06284
1.05607
1.04931
1.04254
1.03576
1.02899
1.0222
1.01542
1.00863
1.00183
0.995037
0.988236
0.981431
0.974623
0.967811
0.960996
0.954177
0.947355
0.94053
0.933702
0.926871
0.920036
0.913199
0.906358
0.899515
0.892668
0.885819
0.878967
0.872112
0.865255
0.858395
0.851532
0.844666
0.837798
0.830928
0.824055
0.817179
0.810302
0.803421
0.796539
0.789654
0.782767
0.775877
0.768986
0.762092
0.755196
0.748298
0.741398
0.734496
0.727592
0.720685
0.713777
0.706867
0.699955
0.693041
0.686126
0.679208
0.672289
0.665368
0.658445
0.65152
0.644594
0.637666
0.630736
0.623805
0.616872
0.609937
0.603001
0.596064
0.589125
0.582184
0.575242
0.568298
0.561354
0.554407
0.547459
0.54051
0.53356
0.526608
0.519655
0.5127
0.505745
0.498788
0.49183
0.48487
0.47791
0.470948
0.463985
0.457021
0.450056
0.443089
0.436122
0.429154
0.422184
0.415214
0.408242
0.40127
0.394296
0.387322
0.380347
0.37337
0.366393
0.359415
0.352436
0.345456
0.338476
0.331494
0.324512
0.317529
0.310545
0.303561
0.296575
0.289589
0.282603
0.275615
0.268627
0.261639
0.254649
0.24766
0.240669
0.233678
0.226686
0.219694
0.212702
0.205708
0.198715
0.19172
0.184726
0.177731
0.170735
0.163739
0.156743
0.149746
0.142749
0.135752
0.128754
0.121756
0.114758
0.107759
0.10076
0.0937614
0.0867621
0.0797625
0.0727628
0.0657629
0.0587629
0.0517627
0.0447624
0.037762
0.0307615
0.0237609
0.0167603
0.00975963
0.00275894
-0.00424176
-0.0112425
-0.0182431
-0.0252437
-0.0322443
-0.0392448
-0.0462452
-0.0532455
-0.0602456
-0.0672456
-0.0742455
-0.0812451
-0.0882446
-0.0952439
-0.102243
-0.109242
-0.11624
-0.123238
-0.130236
-0.137234
-0.144231
-0.151228
-0.158225
-0.165221
-0.172217
-0.179212
-0.186207
-0.193202
-0.200196
-0.20719
-0.214183
-0.221175
-0.228167
-0.235159
-0.24215
-0.24914
-0.25613
-0.263119
-0.270108
-0.277095
-0.284083
-0.291069
-0.298055
-0.30504
-0.312024
-0.319008
-0.325991
-0.332973
-0.339954
-0.346935
-0.353914
-0.360893
-0.367871
-0.374848
-0.381824
-0.388799
-0.395773
-0.402747
-0.409719
-0.41669
-0.423661
-0.43063
-0.437598
-0.444565
-0.451531
-0.458496
-0.46546
-0.472423
-0.479384
-0.486344
-0.493303
-0.500261
-0.507218
-0.514174
-0.521128
-0.528081
-0.535032
-0.541982
-0.548931
-0.555879
-0.562825
-0.569769
-0.576713
-0.583654
-0.590595
-0.597533
-0.604471
-0.611406
-0.61834
-0.625273
-0.632204
-0.639133
-0.646061
-0.652987
-0.659911
-0.666834
-0.673754
-0.680673
-0.687591
-0.694506
-0.701419
-0.708331
-0.715241
-0.722148
-0.729054
-0.735958
-0.74286
-0.749759
-0.756657
-0.763552
-0.770446
-0.777337
-0.784226
-0.791112
-0.797997
-0.804879
-0.811759
-0.818636
-0.825511
-0.832383
-0.839253
-0.846121
-0.852986
-0.859848
-0.866708
-0.873564
-0.880419
-0.88727
-0.894119
-0.900964
-0.907807
-0.914647
-0.921484
-0.928318
-0.935149
-0.941976
-0.948801
-0.955622
-0.96244
-0.969254
-0.976065
-0.982872
-0.989676
-0.996477
-1.00327
-1.01007
-1.01686
-1.02364
-1.03042
-1.0372
-1.04397
-1.05074
-1.05751
-1.06427
-1.07102
-1.07778
-1.08452
-1.09127
-1.098
-1.10474
-1.11147
-1.11819
-1.12491
-1.13162
-1.13833
-1.14503
-1.15173
-1.15842
-1.16511
-1.17179
-1.17846
-1.18513
-1.19179
-1.19845
-1.2051
-1.21174
-1.21838
-1.22501
-1.23163
-1.23824
-1.24485
-1.25145
-1.25805
-1.26463
-1.27121
-1.27778
-1.28434
-1.2909
-1.29744
-1.30398
-1.31051
-1.31702
-1.32353
-1.33003
-1.33652
-1.34301
-1.34948
-1.35594
-1.36239
-1.36883
-1.37525
-1.38167
-1.38808
-1.39447
-1.40085
-1.40722
-1.41358
-1.41992
-1.42626
-1.43257
-1.43888
-1.44517
-1.45145
-1.45771
-1.46396
-1.47019
-1.47641
-1.48261
-1.48879
-1.49496
-1.50111
-1.50725
-1.51336
-1.51946
-1.52554
-1.5316
-1.53764
-1.54366
-1.54967
-1.55565
-1.56161
-1.56754
-1.57346
-1.57935
-1.58522
-1.59107
-1.59689
-1.60269
-1.60847
-1.61421
-1.61993
-1.62563
-1.63129
-1.63693
-1.64254
-1.64812
-1.65367
-1.65919
-1.66468
-1.67014
-1.67556
-1.68095
-1.68631
-1.69163
-1.69691
-1.70216
-1.70738
-1.71255
-1.71769
-1.72278
-1.72784
-1.73285
-1.73783
-1.74276
-1.74764
-1.75249
-1.75728
-1.76203
-1.76674
-1.77139
-1.776
-1.78056
-1.78506
-1.78952
-1.79392
-1.79826
-1.80256
-1.80679
-1.81097
-1.8151
-1.81916
-1.82316
-1.82711
-1.83099
-1.83481
-1.83856
-1.84225
-1.84588
-1.84943
-1.85292
-1.85635
-1.8597
-1.86298
-1.86619
-1.86932
-1.87238
-1.87537
-1.87828
-1.88112
-1.88387
-1.88655
-1.88915
-1.89167
-1.89411
-1.89646
-1.89873
-1.90092
-1.90303
-1.90505
-1.90698
-1.90882
-1.91058
-1.91225
-1.91384
-1.91533
-1.91673
-1.91804
-1.91926
-1.92039
-1.92143
-1.92237
-1.92323
-1.92398
-1.92465
-1.92522
-1.9257
-1.92608
-1.92637
-1.92657
-1.92667
-1.92667
-1.92659
-1.9264
-1.92613
-1.92575
-1.92529
-1.92473
-1.92407
-1.92333
-1.92249
-1.92155
-1.92053
-1.91941
-1.9182
-1.9169
-1.91551
-1.91403
-1.91246
-1.9108
-1.90905
-1.90722
-1.90529
-1.90329
-1.90119
-1.89902
-1.89675
-1.89441
-1.89198
-1.88947
-1.88688
-1.88422
-1.88147
-1.87864
-1.87574
-1.87276
-1.86971
-1.86659
-1.86339
-1.86011
-1.85677
-1.85336
-1.84988
-1.84633
-1.84271
-1.83903
-1.83529
-1.83147
-1.8276
-1.82367
-1.81967
-1.81561
-1.8115
-1.80732
-1.8031
-1.79881
-1.79447
-1.79007
-1.78563
-1.78113
-1.77658
-1.77198
-1.76733
-1.76263
-1.75789
-1.75309
-1.74826
-1.74338
-1.73845
-1.73348
-1.72847
-1.72342
-1.71833
-1.7132
-1.70803
-1.70282
-1.69758
-1.6923
-1.68698
-1.68163
-1.67624
-1.67082
-1.66537
-1.65989
-1.65437
-1.64882
-1.64325
-1.63764
-1.63201
-1.62634
-1.62065
-1.61494
-1.60919
-1.60342
-1.59763
-1.59181
-1.58596
-1.5801
-1.57421
-1.56829
-1.56236
-1.5564
-1.55042
-1.54442
-1.5384
-1.53236
-1.52631
-1.52023
-1.51413
-1.50802
-1.50189
-1.49574
-1.48957
-1.48339
-1.47719
-1.47098
-1.46474
-1.4585
-1.45224
-1.44596
-1.43967
-1.43337
-1.42705
-1.42072
-1.41438
-1.40803
-1.40166
-1.39528
-1.38888
-1.38248
-1.37606
-1.36964
-1.3632
-1.35675
-1.35029
-1.34382
-1.33734
-1.33085
-1.32435
-1.31785
-1.31133
-1.3048
-1.29827
-1.29172
-1.28517
-1.27861
-1.27204
-1.26546
-1.25888
-1.25229
-1.24569
-1.23908
-1.23246
-1.22584
-1.21921
-1.21258
-1.20593
-1.19929
-1.19263
-1.18597
-1.1793
-1.17263
-1.16595
-1.15926
-1.15257
-1.14588
-1.13918
-1.13247
-1.12576
-1.11904
-1.11231
-1.10559
-1.09885
-1.09212
-1.08537
-1.07863
-1.07188
-1.06512
-1.05836
-1.0516
-1.04483
-1.03805
-1.03128
-1.0245
-1.01771
-1.01092
-1.00413
-0.997335
-0.990535
-0.983731
-0.976924
-0.970114
-0.9633
-0.956482
-0.949662
-0.942838
-0.93601
-0.92918
-0.922347
-0.91551
-0.908671
-0.901828
-0.894983
-0.888135
-0.881283
-0.87443
-0.867573
-0.860714
-0.853852
-0.846987
-0.84012
-0.83325
-0.826378
-0.819504
-0.812627
-0.805747
-0.798865
-0.791981
-0.785095
-0.778206
-0.771315
-0.764422
-0.757527
-0.75063
-0.74373
-0.736829
-0.729925
-0.72302
-0.716112
-0.709203
-0.702292
-0.695378
-0.688463
-0.681546
-0.674628
-0.667707
-0.660785
-0.653861
-0.646935
-0.640008
-0.633079
-0.626148
-0.619215
-0.612281
-0.605346
-0.598409
-0.59147
-0.58453
-0.577589
-0.570646
-0.563701
-0.556755
-0.549808
-0.542859
-0.535909
-0.528958
-0.522005
-0.515051
-0.508096
-0.501139
-0.494182
-0.487223
-0.480262
-0.473301
-0.466339
-0.459375
-0.45241
-0.445444
-0.438477
-0.431509
-0.42454
-0.41757
-0.410599
-0.403627
-0.396653
-0.389679
-0.382704
-0.375728
-0.368752
-0.361774
-0.354795
-0.347816
-0.340835
-0.333854
-0.326872
-0.319889
-0.312906
-0.305922
-0.298937
-0.291951
-0.284964
-0.277977
-0.270989
-0.264001
-0.257012
-0.250022
-0.243032
-0.236041
-0.22905
-0.222058
-0.215065
-0.208072
-0.201079
-0.194085
-0.18709
-0.180095
-0.1731
-0.166104
-0.159108
-0.152111
-0.145114
-0.138117
-0.13112
-0.124122
-0.117123
-0.110125
-0.103126
-0.0961271
-0.0891279
-0.0821284
-0.0751288
-0.068129
-0.061129
-0.0541289
-0.0471286
-0.0401282
-0.0331277
-0.0261272
-0.0191266
-0.0121259
-0.00512523
0.00187548
0.00887617
0.0158768
0.0228775
0.0298781
0.0368786
0.043879
0.0508793
0.0578795
0.0648796
0.0718795
0.0788792
0.0858788
0.0928781
0.0998772
0.106876
0.113875
0.120873
0.127871
0.134869
0.141866
0.148863
0.15586
0.162856
0.169852
0.176848
0.183843
0.190838
0.197832
0.204826
0.211819
0.218812
0.225804
0.232796
0.239787
0.246777
0.253767
0.260757
0.267746
0.274734
0.281721
0.288708
0.295694
0.302679
0.309664
0.316648
0.323631
0.330613
0.337595
0.344575
0.351555
0.358534
0.365513
0.37249
0.379466
0.386442
0.393416
0.40039
0.407362
0.414334
0.421305
0.428274
0.435243
0.44221
0.449177
0.456142
0.463106
0.470069
0.477031
0.483992
0.490951
0.49791
0.504867
0.511823
0.518777
0.525731
0.532683
0.539633
0.546582
0.55353
0.560477
0.567422
0.574366
0.581308
0.588249
0.595188
0.602126
0.609062
0.615997
0.62293
0.629861
0.636791
0.64372
0.650646
0.657571
0.664494
0.671415
0.678335
0.685253
0.692169
0.699083
0.705995
0.712905
0.719814
0.72672
0.733625
0.740527
0.747427
0.754326
0.761222
0.768116
0.775008
0.781897
0.788785
0.79567
0.802553
0.809433
0.816312
0.823187
0.830061
0.836931
0.8438
0.850666
0.857529
0.864389
0.871247
0.878102
0.884955
0.891804
0.898651
0.905495
0.912336
0.919174
0.926008
0.93284
0.939669
0.946494
0.953316
0.960135
0.966951
0.973763
0.980572
0.987377
0.994179
1.00098
1.00777
1.01456
1.02135
1.02813
1.03491
1.04168
1.04845
1.05522
1.06198
1.06874
1.07549
1.08224
1.08899
1.09573
1.10246
1.10919
1.11592
1.12264
1.12935
1.13606
1.14277
1.14947
1.15616
1.16285
1.16953
1.17621
1.18288
1.18954
1.1962
1.20285
1.20949
1.21613
1.22277
1.22939
1.23601
1.24262
1.24922
1.25582
1.26241
1.26899
1.27556
1.28213
1.28868
1.29523
1.30177
1.3083
1.31482
1.32133
1.32784
1.33433
1.34082
1.34729
1.35375
1.36021
1.36665
1.37308
1.3795
1.38591
1.39231
1.3987
1.40507
1.41143
1.41778
1.42412
1.43044
1.43675
1.44305
1.44933
1.45559
1.46185
1.46808
1.47431
1.48051
1.4867
1.49288
1.49903
1.50517
1.5113
1.5174
1.52349
1.52955
1.5356
1.54163
1.54764
1.55363
1.55959
1.56554
1.57146
1.57736
1.58324
1.5891
1.59493
1.60074
1.60652
1.61227
1.618
1.62371
1.62938
1.63503
1.64065
1.64624
1.6518
1.65733
1.66283
1.6683
1.67373
1.67913
1.6845
1.68983
1.69513
1.70039
1.70562
1.71081
1.71595
1.72106
1.72613
1.73116
1.73615
1.7411
1.746
1.75086
1.75567
1.76043
1.76515
1.76983
1.77445
1.77902
1.78355
1.78802
1.79244
1.7968
1.80111
1.80537
1.80957
1.81371
1.81779
1.82182
1.82578
1.82968
1.83352
1.8373
1.84101
1.84466
1.84824
1.85175
1.8552
1.85857
1.86188
1.86511
1.86827
1.87136
1.87437
1.87731
1.88017
1.88295
1.88565
1.88828
1.89083
1.89329
1.89567
1.89798
1.90019
1.90233
1.90437
1.90634
1.90821
1.91
1.9117
1.91331
1.91483
1.91627
1.91761
1.91886
1.92002
1.92109
1.92206
1.92295
1.92374
1.92444
1.92504
1.92555
1.92596
1.92629
1.92651
1.92665
1.92668
1.92663
1.92648
1.92623
1.92589
1.92546
1.92493
1.92431
1.92359
1.92278
1.92188
1.92088
1.9198
1.91862
1.91735
1.91599
1.91454
1.913
1.91137
1.90965
1.90785
1.90595
1.90397
1.90191
1.89976
1.89753
1.89521
1.89281
1.89033
1.88777
1.88513
1.88241
1.87961
1.87673
1.87378
1.87075
1.86765
1.86448
1.86123
1.85791
1.85452
1.85106
1.84754
1.84394
1.84028
1.83656
1.83277
1.82892
1.825
1.82103
1.81699
1.8129
1.80874
1.80453
1.80026
1.79594
1.79157
1.78714
1.78265
1.77812
1.77354
1.76891
1.76422
1.7595
1.75472
1.7499
1.74503
1.74012
1.73517
1.73017
1.72513
1.72006
1.71494
1.70978
1.70459
1.69935
1.69409
1.68878
1.68344
1.67807
1.67266
1.66722
1.66174
1.65624
1.6507
1.64514
1.63954
1.63391
1.62826
1.62258
1.61687
1.61114
1.60538
1.59959
1.59378
1.58794
1.58208
1.5762
1.57029
1.56437
1.55842
1.55244
1.54645
1.54044
1.53441
1.52836
1.52229
1.5162
1.51009
1.50396
1.49782
1.49166
1.48548
1.47929
1.47308
1.46685
1.46061
1.45436
1.44809
1.4418
1.4355
1.42919
1.42287
1.41653
1.41018
1.40381
1.39743
1.39105
1.38465
1.37823
1.37181
1.36538
1.35893
1.35248
1.34601
1.33953
1.33305
1.32655
1.32005
1.31353
1.30701
1.30048
1.29394
1.28739
1.28083
1.27426
1.26769
1.2611
1.25451
1.24792
1.24131
1.2347
1.22808
1.22145
1.21482
1.20818
1.20153
1.19488
1.18822
1.18156
1.17489
1.16821
1.16152
1.15484
1.14814
1.14144
1.13474
1.12802
1.12131
1.11459
1.10786
1.10113
1.09439
1.08765
1.08091
1.07416
1.06741
1.06065
1.05388
1.04712
1.04034
1.03357
1.02679
1.02001
1.01322
1.00643
0.999632
0.992834
0.986031
0.979225
0.972416
0.965603
0.958787
0.951967
0.945145
0.938318
0.931489
0.924657
0.917821
0.910983
0.904141
0.897297
0.89045
0.883599
0.876747
0.869891
0.863033
0.856171
0.849308
0.842441
0.835573
0.828701
0.821828
0.814951
0.808073
0.801192
0.794308
0.787423
0.780535
0.773645
0.766752
0.759858
0.752961
0.746063
0.739162
0.732259
0.725354
0.718447
0.711539
0.704628
0.697715
0.690801
0.683885
0.676966
0.670047
0.663125
0.656201
0.649276
0.642349
0.635421
0.628491
0.621559
0.614625
0.60769
0.600754
0.593816
0.586876
0.579935
0.572993
0.566049
0.559103
0.552156
0.545208
0.538259
0.531308
0.524355
0.517402
0.510447
0.503491
0.496534
0.489575
0.482615
0.475654
0.468692
0.461729
0.454764
0.447799
0.440832
0.433865
0.426896
0.419926
0.412955
0.405983
0.399011
0.392037
0.385062
0.378086
0.37111
0.364132
0.357154
0.350175
0.343195
0.336214
0.329232
0.32225
0.315266
0.308282
0.301298
0.294312
0.287326
0.280339
0.273351
0.266363
0.259374
0.252385
0.245395
0.238404
0.231413
0.224421
0.217429
0.210436
0.203443
0.196449
0.189454
0.18246
0.175464
0.168469
0.161473
0.154476
0.147479
0.140482
0.133485
0.126487
0.119489
0.11249
0.105492
0.0984929
0.0914937
0.0844943
0.0774948
0.070495
0.0634951
0.056495
0.0494947
0.0424944
0.035494
0.0284934
0.0214928
0.0144922
0.00749151
0.000490812
-0.00650989
-0.0135106
-0.0205112
-0.0275118
-0.0345124
-0.0415128
-0.0485132
-0.0555134
-0.0625135
-0.0695135
-0.0765133
-0.0835129
-0.0905123
-0.0975115
-0.10451
-0.111509
-0.118508
-0.125506
-0.132504
-0.139501
-0.146498
-0.153495
-0.160492
-0.167488
-0.174483
-0.181479
-0.188474
-0.195468
-0.202462
-0.209455
-0.216448
-0.223441
-0.230433
-0.237424
-0.244415
-0.251405
-0.258394
-0.265383
-0.272372
-0.279359
-0.286346
-0.293333
-0.300318
-0.307303
-0.314287
-0.321271
-0.328253
-0.335235
-0.342216
-0.349196
-0.356175
-0.363154
-0.370132
-0.377108
-0.384084
-0.391059
-0.398033
-0.405006
-0.411978
-0.418949
-0.425919
-0.432887
-0.439855
-0.446822
-0.453788
-0.460752
-0.467716
-0.474678
-0.481639
-0.488599
-0.495558
-0.502515
-0.509472
-0.516427
-0.52338
-0.530333
-0.537284
-0.544234
-0.551182
-0.558129
-0.565075
-0.572019
-0.578962
-0.585903
-0.592843
-0.599781
-0.606718
-0.613653
-0.620587
-0.627519
-0.634449
-0.641378
-0.648305
-0.65523
