0
0.0700701
0.140123
0.210143
0.280112
0.350014
0.419831
0.489546
0.559139
0.628592
0.697883
0.766985
0.835871
0.904505
0.972845
1.04084
1.10842
1.17551
1.242
1.30777
1.37263
1.43639
1.49877
1.55943
1.61795
1.67379
1.7263
1.77473
1.81819
1.85568
1.8862
1.90877
1.92258
1.92708
1.9221
1.90784
1.88485
1.85396
1.81614
1.77241
1.72376
1.67105
1.61507
1.55643
1.49568
1.43322
1.3694
1.30448
1.23868
1.17216
1.10504
1.03743
0.969421
0.901065
0.832417
0.76352
0.694407
0.625108
0.555647
0.486047
0.416327
0.346505
0.2766
0.206627
0.136606
0.0665512
-0.00351924
-0.0735889
-0.143641
-0.213658
-0.283624
-0.353522
-0.423335
-0.493044
-0.562631
-0.632076
-0.701358
-0.77045
-0.839324
-0.907945
-0.976269
-1.04424
-1.1118
-1.17887
-1.24533
-1.31105
-1.37586
-1.43956
-1.50186
-1.56243
-1.62082
-1.67651
-1.72884
-1.77704
-1.82022
-1.85739
-1.88753
-1.90968
-1.92303
-1.92706
-1.9216
-1.90689
-1.88348
-1.85221
-1.81407
-1.77008
-1.7212
-1.66832
-1.61218
-1.55343
-1.49258
-1.43005
-1.36616
-1.3012
-1.23536
-1.1688
-1.10165
-1.03403
-0.965995
-0.897623
-0.828962
-0.760053
-0.690931
-0.621623
-0.552155
-0.482548
-0.412822
-0.342996
-0.273087
-0.203112
-0.133088
-0.0630323
0.00703849
0.0771076
0.147158
0.217174
0.287137
0.357031
0.426838
0.496542
0.566122
0.63556
0.704833
0.773915
0.842777
0.911383
0.979691
1.04765
1.11518
1.18222
1.24864
1.31433
1.37909
1.44273
1.50495
1.56541
1.62369
1.67922
1.73137
1.77934
1.82224
1.85908
1.88884
1.91056
1.92346
1.92701
1.92108
1.90591
1.88209
1.85045
1.812
1.76773
1.71863
1.66557
1.60929
1.55042
1.48947
1.42687
1.36293
1.29791
1.23203
1.16544
1.09827
1.03062
0.962569
0.894182
0.825507
0.756587
0.687454
0.618138
0.548662
0.479049
0.409318
0.339487
0.269574
0.199596
0.12957
0.0595134
-0.0105577
-0.0806263
-0.150676
-0.220689
-0.290649
-0.360539
-0.430342
-0.500039
-0.569613
-0.639043
-0.708307
-0.777379
-0.846229
-0.914822
-0.983113
-1.05105
-1.11856
-1.18557
-1.25196
-1.3176
-1.38232
-1.44589
-1.50803
-1.5684
-1.62655
-1.68193
-1.73388
-1.78162
-1.82424
-1.86075
-1.89013
-1.91143
-1.92386
-1.92694
-1.92054
-1.90491
-1.88068
-1.84868
-1.8099
-1.76537
-1.71606
-1.66281
-1.60639
-1.5474
-1.48637
-1.42368
-1.35968
-1.29462
-1.2287
-1.16208
-1.09488
-1.02721
-0.959142
-0.890739
-0.822051
-0.75312
-0.683977
-0.614652
-0.545169
-0.47555
-0.405813
-0.335977
-0.266061
-0.19608
-0.126052
-0.0559945
0.014077
0.084145
0.154193
0.224204
0.294161
0.364047
0.433845
0.503537
0.573104
0.642526
0.711781
0.780842
0.84968
0.918259
0.986534
1.05445
1.12194
1.18892
1.25528
1.32088
1.38554
1.44904
1.51111
1.57137
1.6294
1.68463
1.73639
1.78389
1.82623
1.8624
1.8914
1.91227
1.92424
1.92684
1.91997
1.9039
1.87925
1.84688
1.8078
1.763
1.71347
1.66005
1.60348
1.54438
1.48325
1.4205
1.35644
1.29133
1.22537
1.15872
1.09149
1.0238
0.955714
0.887296
0.818595
0.749652
0.6805
0.611166
0.541676
0.47205
0.402308
0.332468
0.262548
0.192564
0.122535
0.0524755
-0.0175962
-0.0876636
-0.15771
-0.227719
-0.297672
-0.367554
-0.437347
-0.507034
-0.576594
-0.646008
-0.715254
-0.784305
-0.853131
-0.921696
-0.989954
-1.05785
-1.12532
-1.19227
-1.25859
-1.32415
-1.38876
-1.4522
-1.51418
-1.57435
-1.63224
-1.68731
-1.73888
-1.78615
-1.8282
-1.86404
-1.89265
-1.91309
-1.9246
-1.92672
-1.91938
-1.90286
-1.8778
-1.84507
-1.80567
-1.76062
-1.71087
-1.65728
-1.60057
-1.54136
-1.48014
-1.41731
-1.35319
-1.28804
-1.22204
-1.15535
-1.0881
-1.02039
-0.952286
-0.883852
-0.815138
-0.746184
-0.677022
-0.60768
-0.538182
-0.46855
-0.398802
-0.328958
-0.259034
-0.189048
-0.119017
-0.0489564
0.0211154
0.0911822
0.161227
0.231233
0.301184
0.371062
0.44085
0.51053
0.580084
0.64949
0.718727
0.787767
0.856581
0.925131
0.993373
1.06125
1.12869
1.19562
1.2619
1.32742
1.39197
1.45535
1.51725
1.57731
1.63508
1.68999
1.74137
1.7884
1.83016
1.86566
1.89388
1.91388
1.92493
1.92658
1.91876
1.9018
1.87633
1.84324
1.80354
1.75823
1.70827
1.6545
1.59765
1.53833
1.47702
1.41412
1.34994
1.28474
1.2187
1.15199
1.08471
1.01698
0.948856
0.880407
0.81168
0.742715
0.673543
0.604193
0.534688
0.46505
0.395297
0.325448
0.255521
0.185532
0.115498
0.0454374
-0.0246346
-0.0947007
-0.164744
-0.234748
-0.304695
-0.374569
-0.444352
-0.514027
-0.583573
-0.652972
-0.722199
-0.791229
-0.86003
-0.928566
-0.996791
-1.06465
-1.13207
-1.19896
-1.26521
-1.33068
-1.39519
-1.4585
-1.52031
-1.58027
-1.63791
-1.69266
-1.74384
-1.79063
-1.8321
-1.86726
-1.89509
-1.91466
-1.92524
-1.92641
-1.91812
-1.90071
-1.87484
-1.8414
-1.80139
-1.75582
-1.70565
-1.65171
-1.59473
-1.53529
-1.47389
-1.41092
-1.34669
-1.28144
-1.21537
-1.14862
-1.08132
-1.01357
-0.945426
-0.876962
-0.808222
-0.739245
-0.670064
-0.600706
-0.531194
-0.461549
-0.391791
-0.321938
-0.252007
-0.182015
-0.11198
-0.0419183
0.0281538
0.0982191
0.168261
0.238262
0.308206
0.378076
0.447854
0.517523
0.587062
0.656453
0.725671
0.79469
0.863479
0.932001
1.00021
1.06805
1.13544
1.20231
1.26852
1.33395
1.3984
1.46164
1.52337
1.58323
1.64074
1.69533
1.7463
1.79284
1.83402
1.86884
1.89627
1.91541
1.92553
1.92622
1.91746
1.89961
1.87333
1.83954
1.79922
1.7534
1.70302
1.64892
1.59179
1.53225
1.47077
1.40773
1.34344
1.27814
1.21203
1.14525
1.07793
1.01015
0.941995
0.873516
0.804763
0.735776
0.666585
0.597218
0.527699
0.458048
0.388285
0.318427
0.248493
0.178499
0.108462
0.0383992
-0.0316729
-0.101737
-0.171778
-0.241777
-0.311717
-0.381583
-0.451356
-0.521018
-0.590551
-0.659934
-0.729142
-0.798151
-0.866927
-0.935434
-1.00363
-1.07144
-1.13881
-1.20565
-1.27183
-1.33721
-1.40161
-1.46478
-1.52643
-1.58618
-1.64355
-1.69798
-1.74875
-1.79505
-1.83593
-1.8704
-1.89744
-1.91614
-1.92579
-1.926
-1.91678
-1.89848
-1.87181
-1.83766
-1.79705
-1.75098
-1.70039
-1.64611
-1.58886
-1.52921
-1.46763
-1.40453
-1.34018
-1.27484
-1.20869
-1.14188
-1.07454
-1.00674
-0.938563
-0.870069
-0.801304
-0.732305
-0.663105
-0.59373
-0.524204
-0.454547
-0.384779
-0.314917
-0.244979
-0.174982
-0.104944
-0.0348801
0.0351921
0.105256
0.175294
0.245291
0.315228
0.385089
0.454857
0.524514
0.594039
0.663414
0.732613
0.801611
0.870375
0.938867
1.00704
1.07484
1.14218
1.20899
1.27513
1.34047
1.40481
1.46791
1.52948
1.58912
1.64636
1.70062
1.75119
1.79724
1.83783
1.87194
1.89858
1.91684
1.92602
1.92576
1.91607
1.89734
1.87026
1.83576
1.79485
1.74854
1.69774
1.6433
1.58591
1.52616
1.4645
1.40132
1.33692
1.27154
1.20535
1.13851
1.07114
1.00332
0.93513
0.866622
0.797844
0.728834
0.659625
0.590242
0.520708
0.451045
0.381272
0.311406
0.241465
0.171466
0.101426
0.0313609
-0.0387112
-0.108774
-0.178811
-0.248805
-0.318739
-0.388596
-0.458358
-0.528009
-0.597527
-0.666893
-0.736083
-0.80507
-0.873821
-0.942299
-1.01045
-1.07823
-1.14555
-1.21233
-1.27843
-1.34373
-1.40801
-1.47104
-1.53252
-1.59205
-1.64916
-1.70326
-1.75362
-1.79942
-1.8397
-1.87347
-1.89971
-1.91752
-1.92624
-1.9255
-1.91534
-1.89617
-1.8687
-1.83385
-1.79265
-1.74608
-1.69509
-1.64049
-1.58297
-1.5231
-1.46136
-1.39811
-1.33366
-1.26823
-1.20201
-1.13514
-1.06775
-0.999906
-0.931696
-0.863173
-0.794383
-0.725363
-0.656144
-0.586753
-0.517213
-0.447544
-0.377765
-0.307895
-0.237951
-0.167949
-0.0979072
-0.0278418
0.0422303
0.112292
0.182327
0.252318
0.322249
0.392102
0.461859
0.531504
0.601015
0.670373
0.739553
0.808529
0.877267
0.94573
1.01387
1.08162
1.14892
1.21566
1.28173
1.34698
1.41121
1.47417
1.53556
1.59499
1.65196
1.70588
1.75604
1.80158
1.84156
1.87497
1.90081
1.91818
1.92643
1.92521
1.91459
1.89498
1.86712
1.83193
1.79043
1.74362
1.69243
1.63766
1.58001
1.52004
1.45822
1.3949
1.33039
1.26492
1.19866
1.13177
1.06435
0.996488
0.928262
0.859725
0.790922
0.721891
0.652663
0.583264
0.513717
0.444042
0.374258
0.304384
0.234436
0.164432
0.0943887
0.0243226
-0.0457494
-0.11581
-0.185844
-0.255832
-0.325759
-0.395608
-0.46536
-0.534998
-0.604502
-0.673852
-0.743022
-0.811987
-0.880713
-0.94916
-1.01728
-1.08501
-1.15229
-1.219
-1.28503
-1.35023
-1.4144
-1.4773
-1.5386
-1.59791
-1.65474
-1.7085
-1.75844
-1.80373
-1.84341
-1.87646
-1.90189
-1.91882
-1.92659
-1.9249
-1.91381
-1.89377
-1.86551
-1.82999
-1.7882
-1.74115
-1.68976
-1.63483
-1.57705
-1.51698
-1.45507
-1.39169
-1.32713
-1.26161
-1.19532
-1.1284
-1.06095
-0.99307
-0.924827
-0.856275
-0.78746
-0.718419
-0.649182
-0.579774
-0.51022
-0.440539
-0.370751
-0.300873
-0.230922
-0.160915
-0.0908702
-0.0208034
0.0492685
0.119328
0.18936
0.259346
0.329269
0.399113
0.46886
0.538492
0.607989
0.67733
0.746491
0.815444
0.884157
0.95259
1.02069
1.08841
1.15565
1.22233
1.28833
1.35348
1.41759
1.48041
1.54163
1.60083
1.65752
1.7111
1.76083
1.80586
1.84523
1.87793
1.90295
1.91943
1.92674
1.92457
1.91301
1.89254
1.8639
1.82803
1.78595
1.73866
1.68708
1.63199
1.57408
1.51391
1.45192
1.38847
1.32386
1.2583
1.19197
1.12502
1.05755
0.989651
0.921391
0.852825
0.783998
0.714946
0.6457
0.576285
0.506724
0.437037
0.367243
0.297361
0.227407
0.157398
0.0873516
0.0172842
-0.0527875
-0.122846
-0.192876
-0.262859
-0.332779
-0.402619
-0.47236
-0.541986
-0.611475
-0.680808
